-2.000000e+00	-6.153204e+01	2.810972e-06	-7.959384e+01
-1.996094e+00	-6.156815e+01	2.787695e-06	-7.660156e+01
-1.992188e+00	-6.160437e+01	2.764540e-06	-7.485867e+01
-1.988281e+00	-6.167817e+01	2.717962e-06	-7.363655e+01
-1.984375e+00	-6.174777e+01	2.674747e-06	-7.269751e+01
-1.980469e+00	-6.178540e+01	2.651675e-06	-7.193195e+01
-1.976562e+00	-6.180017e+01	2.642668e-06	-7.128339e+01
-1.972656e+00	-6.179453e+01	2.646105e-06	-7.071853e+01
-1.968750e+00	-6.177015e+01	2.661000e-06	-7.021610e+01
-1.964844e+00	-6.170858e+01	2.698997e-06	-6.975971e+01
-1.960938e+00	-6.164096e+01	2.741348e-06	-6.934057e+01
-1.957031e+00	-6.158302e+01	2.778164e-06	-6.895344e+01
-1.953125e+00	-6.156912e+01	2.787070e-06	-6.859692e+01
-1.949219e+00	-6.158003e+01	2.780080e-06	-6.826825e+01
-1.945312e+00	-6.160156e+01	2.766333e-06	-6.796418e+01
-1.941406e+00	-6.164042e+01	2.741691e-06	-6.768246e+01
-1.937500e+00	-6.170691e+01	2.700033e-06	-6.742180e+01
-1.933594e+00	-6.173730e+01	2.681203e-06	-6.717758e+01
-1.929688e+00	-6.178626e+01	2.651151e-06	-6.694889e+01
-1.925781e+00	-6.178704e+01	2.650674e-06	-6.673168e+01
-1.921875e+00	-6.176098e+01	2.666624e-06	-6.652360e+01
-1.917969e+00	-6.172875e+01	2.686487e-06	-6.632359e+01
-1.914062e+00	-6.164412e+01	2.739354e-06	-6.612871e+01
-1.910156e+00	-6.162493e+01	2.751487e-06	-6.594139e+01
-1.906250e+00	-6.158091e+01	2.779517e-06	-6.576002e+01
-1.902344e+00	-6.154914e+01	2.799919e-06	-6.558468e+01
-1.898438e+00	-6.156723e+01	2.788281e-06	-6.541682e+01
-1.894531e+00	-6.158521e+01	2.776763e-06	-6.525587e+01
-1.890625e+00	-6.165244e+01	2.734113e-06	-6.510302e+01
-1.886719e+00	-6.167864e+01	2.717663e-06	-6.495623e+01
-1.882812e+00	-6.173797e+01	2.680791e-06	-6.481614e+01
-1.878906e+00	-6.175453e+01	2.670589e-06	-6.468094e+01
-1.875000e+00	-6.175220e+01	2.672020e-06	-6.454975e+01
-1.871094e+00	-6.171258e+01	2.696507e-06	-6.442126e+01
-1.867188e+00	-6.167019e+01	2.722957e-06	-6.429525e+01
-1.863281e+00	-6.156905e+01	2.787116e-06	-6.416995e+01
-1.859375e+00	-6.156327e+01	2.790825e-06	-6.404801e+01
-1.855469e+00	-6.150576e+01	2.828030e-06	-6.392783e+01
-1.851562e+00	-6.147772e+01	2.846350e-06	-6.381015e+01
-1.847656e+00	-6.153782e+01	2.807227e-06	-6.369713e+01
-1.843750e+00	-6.156399e+01	2.790366e-06	-6.358762e+01
-1.839844e+00	-6.161391e+01	2.758473e-06	-6.348202e+01
-1.835938e+00	-6.167702e+01	2.718678e-06	-6.338039e+01
-1.832031e+00	-6.168877e+01	2.711335e-06	-6.328135e+01
-1.828125e+00	-6.171161e+01	2.697111e-06	-6.318502e+01
-1.824219e+00	-6.168936e+01	2.710965e-06	-6.309031e+01
-1.820312e+00	-6.163969e+01	2.742152e-06	-6.299656e+01
-1.816406e+00	-6.159642e+01	2.769603e-06	-6.290388e+01
-1.812500e+00	-6.155053e+01	2.799024e-06	-6.281218e+01
-1.808594e+00	-6.147570e+01	2.847671e-06	-6.272084e+01
-1.804688e+00	-6.144669e+01	2.866760e-06	-6.263078e+01
-1.800781e+00	-6.143175e+01	2.876636e-06	-6.254226e+01
-1.796875e+00	-6.148119e+01	2.844077e-06	-6.245647e+01
-1.792969e+00	-6.151182e+01	2.824085e-06	-6.237293e+01
-1.789062e+00	-6.159138e+01	2.772823e-06	-6.229245e+01
-1.785156e+00	-6.161777e+01	2.756026e-06	-6.221390e+01
-1.781250e+00	-6.164511e+01	2.738727e-06	-6.213722e+01
-1.777344e+00	-6.163869e+01	2.742780e-06	-6.206177e+01
-1.773438e+00	-6.161288e+01	2.759130e-06	-6.198717e+01
-1.769531e+00	-6.154810e+01	2.800591e-06	-6.191273e+01
-1.765625e+00	-6.149229e+01	2.836812e-06	-6.183861e+01
-1.761719e+00	-6.143531e+01	2.874280e-06	-6.176478e+01
-1.757812e+00	-6.136003e+01	2.924534e-06	-6.169093e+01
-1.753906e+00	-6.136136e+01	2.923640e-06	-6.161833e+01
-1.750000e+00	-6.137501e+01	2.914468e-06	-6.154714e+01
-1.746094e+00	-6.141447e+01	2.888108e-06	-6.147774e+01
-1.742188e+00	-6.145159e+01	2.863527e-06	-6.141000e+01
-1.738281e+00	-6.152386e+01	2.816269e-06	-6.134440e+01
-1.734375e+00	-6.155234e+01	2.797859e-06	-6.128019e+01
-1.730469e+00	-6.156683e+01	2.788543e-06	-6.121712e+01
-1.726562e+00	-6.154607e+01	2.801900e-06	-6.115467e+01
-1.722656e+00	-6.150835e+01	2.826344e-06	-6.109256e+01
-1.718750e+00	-6.145484e+01	2.861381e-06	-6.103058e+01
-1.714844e+00	-6.137471e+01	2.914667e-06	-6.096834e+01
-1.710938e+00	-6.132992e+01	2.944885e-06	-6.090634e+01
-1.707031e+00	-6.127045e+01	2.985485e-06	-6.084439e+01
-1.703125e+00	-6.129066e+01	2.971628e-06	-6.078358e+01
-1.699219e+00	-6.132678e+01	2.947013e-06	-6.072411e+01
-1.695312e+00	-6.135467e+01	2.928149e-06	-6.066582e+01
-1.691406e+00	-6.141044e+01	2.890789e-06	-6.060902e+01
-1.687500e+00	-6.144783e+01	2.866007e-06	-6.055344e+01
-1.683594e+00	-6.147481e+01	2.848255e-06	-6.049890e+01
-1.679688e+00	-6.146764e+01	2.852961e-06	-6.044494e+01
-1.675781e+00	-6.143910e+01	2.871771e-06	-6.039130e+01
-1.671875e+00	-6.136685e+01	2.919948e-06	-6.033743e+01
-1.667969e+00	-6.128909e+01	2.972699e-06	-6.028326e+01
-1.664062e+00	-6.122165e+01	3.019221e-06	-6.022893e+01
-1.660156e+00	-6.116973e+01	3.055534e-06	-6.017463e+01
-1.656250e+00	-6.114786e+01	3.070962e-06	-6.012073e+01
-1.652344e+00	-6.116317e+01	3.060155e-06	-6.006768e+01
-1.648438e+00	-6.120816e+01	3.028612e-06	-6.001581e+01
-1.644531e+00	-6.125144e+01	2.998584e-06	-5.996505e+01
-1.640625e+00	-6.131238e+01	2.956798e-06	-5.991557e+01
-1.636719e+00	-6.134453e+01	2.934995e-06	-5.986701e+01
-1.632812e+00	-6.135607e+01	2.927202e-06	-5.981912e+01
-1.628906e+00	-6.133212e+01	2.943392e-06	-5.977148e+01
-1.625000e+00	-6.128778e+01	2.973593e-06	-5.972388e+01
-1.621094e+00	-6.121775e+01	3.021933e-06	-5.967604e+01
-1.617188e+00	-6.114473e+01	3.073172e-06	-5.962792e+01
-1.613281e+00	-6.110241e+01	3.103263e-06	-5.957986e+01
-1.609375e+00	-6.105157e+01	3.139808e-06	-5.953178e+01
-1.605469e+00	-6.101803e+01	3.164150e-06	-5.948385e+01
-1.601562e+00	-6.106800e+01	3.127951e-06	-5.943699e+01
-1.597656e+00	-6.110787e+01	3.099367e-06	-5.939104e+01
-1.593750e+00	-6.115343e+01	3.067020e-06	-5.934605e+01
-1.589844e+00	-6.119603e+01	3.037084e-06	-5.930196e+01
-1.585938e+00	-6.123550e+01	3.009608e-06	-5.925870e+01
-1.582031e+00	-6.122822e+01	3.014660e-06	-5.921579e+01
-1.578125e+00	-6.119654e+01	3.036732e-06	-5.917300e+01
-1.574219e+00	-6.113168e+01	3.082422e-06	-5.912999e+01
-1.570312e+00	-6.106114e+01	3.132894e-06	-5.908670e+01
-1.566406e+00	-6.098930e+01	3.185153e-06	-5.904313e+01
-1.562500e+00	-6.094465e+01	3.218064e-06	-5.899956e+01
-1.558594e+00	-6.091262e+01	3.241889e-06	-5.895609e+01
-1.554688e+00	-6.088535e+01	3.262309e-06	-5.891279e+01
-1.550781e+00	-6.091278e+01	3.241772e-06	-5.887018e+01
-1.546875e+00	-6.098101e+01	3.191234e-06	-5.882865e+01
-1.542969e+00	-6.100693e+01	3.172246e-06	-5.878775e+01
-1.539062e+00	-6.106220e+01	3.132130e-06	-5.874774e+01
-1.535156e+00	-6.107000e+01	3.126509e-06	-5.870816e+01
-1.531250e+00	-6.105223e+01	3.139332e-06	-5.866879e+01
-1.527344e+00	-6.100268e+01	3.175354e-06	-5.862932e+01
-1.523438e+00	-6.094673e+01	3.216525e-06	-5.858970e+01
-1.519531e+00	-6.086967e+01	3.274107e-06	-5.854975e+01
-1.515625e+00	-6.080773e+01	3.321139e-06	-5.850959e+01
-1.511719e+00	-6.074386e+01	3.370341e-06	-5.846921e+01
-1.507812e+00	-6.070596e+01	3.399879e-06	-5.842885e+01
-1.503906e+00	-6.072722e+01	3.383280e-06	-5.838906e+01
-1.500000e+00	-6.076044e+01	3.357499e-06	-5.834993e+01
-1.496094e+00	-6.083137e+01	3.303109e-06	-5.831178e+01
-1.492188e+00	-6.086965e+01	3.274121e-06	-5.827428e+01
-1.488281e+00	-6.091820e+01	3.237723e-06	-5.823752e+01
-1.484375e+00	-6.091361e+01	3.241152e-06	-5.820103e+01
-1.480469e+00	-6.087818e+01	3.267702e-06	-5.816455e+01
-1.476562e+00	-6.081707e+01	3.314008e-06	-5.812787e+01
-1.472656e+00	-6.071459e+01	3.393134e-06	-5.809062e+01
-1.468750e+00	-6.064396e+01	3.448772e-06	-5.805309e+01
-1.464844e+00	-6.057410e+01	3.504691e-06	-5.801528e+01
-1.460938e+00	-6.053714e+01	3.534648e-06	-5.797748e+01
-1.457031e+00	-6.052236e+01	3.546695e-06	-5.793987e+01
-1.453125e+00	-6.052128e+01	3.547578e-06	-5.790258e+01
-1.449219e+00	-6.059538e+01	3.487565e-06	-5.786623e+01
-1.445312e+00	-6.066268e+01	3.433935e-06	-5.783074e+01
-1.441406e+00	-6.069540e+01	3.408159e-06	-5.779579e+01
-1.437500e+00	-6.071123e+01	3.395760e-06	-5.776125e+01
-1.433594e+00	-6.069472e+01	3.408695e-06	-5.772685e+01
-1.429688e+00	-6.064225e+01	3.450128e-06	-5.769231e+01
-1.425781e+00	-6.056439e+01	3.512541e-06	-5.765742e+01
-1.421875e+00	-6.049423e+01	3.569740e-06	-5.762225e+01
-1.417969e+00	-6.041617e+01	3.634483e-06	-5.758674e+01
-1.414062e+00	-6.034962e+01	3.690610e-06	-5.755097e+01
-1.410156e+00	-6.034133e+01	3.697656e-06	-5.751542e+01
-1.406250e+00	-6.032574e+01	3.710956e-06	-5.748004e+01
-1.402344e+00	-6.036818e+01	3.674869e-06	-5.744528e+01
-1.398438e+00	-6.041683e+01	3.633933e-06	-5.741118e+01
-1.394531e+00	-6.047557e+01	3.585114e-06	-5.737780e+01
-1.390625e+00	-6.051443e+01	3.553177e-06	-5.734497e+01
-1.386719e+00	-6.051344e+01	3.553987e-06	-5.731237e+01
-1.382812e+00	-6.047365e+01	3.586699e-06	-5.727973e+01
-1.378906e+00	-6.039813e+01	3.649615e-06	-5.724676e+01
-1.375000e+00	-6.032207e+01	3.714095e-06	-5.721346e+01
-1.371094e+00	-6.024276e+01	3.782542e-06	-5.717981e+01
-1.367188e+00	-6.015991e+01	3.855393e-06	-5.714578e+01
-1.363281e+00	-6.013271e+01	3.879619e-06	-5.711180e+01
-1.359375e+00	-6.005962e+01	3.945462e-06	-5.707751e+01
-1.355469e+00	-6.008910e+01	3.918774e-06	-5.704373e+01
-1.351562e+00	-6.015613e+01	3.858751e-06	-5.701071e+01
-1.347656e+00	-6.019444e+01	3.824860e-06	-5.697823e+01
-1.343750e+00	-6.024828e+01	3.777737e-06	-5.694639e+01
-1.339844e+00	-6.025686e+01	3.770283e-06	-5.691484e+01
-1.335938e+00	-6.023933e+01	3.785529e-06	-5.688339e+01
-1.332031e+00	-6.017419e+01	3.842742e-06	-5.685170e+01
-1.328125e+00	-6.010006e+01	3.908899e-06	-5.681970e+01
-1.324219e+00	-5.998939e+01	4.009784e-06	-5.678712e+01
-1.320312e+00	-5.988583e+01	4.106547e-06	-5.675400e+01
-1.316406e+00	-5.986054e+01	4.130528e-06	-5.672094e+01
-1.312500e+00	-5.978835e+01	4.199760e-06	-5.668758e+01
-1.308594e+00	-5.978980e+01	4.198366e-06	-5.665449e+01
-1.304688e+00	-5.986315e+01	4.128050e-06	-5.662220e+01
-1.300781e+00	-5.992744e+01	4.067396e-06	-5.659061e+01
-1.296875e+00	-5.997532e+01	4.022798e-06	-5.655959e+01
-1.292969e+00	-6.001214e+01	3.988837e-06	-5.652906e+01
-1.289062e+00	-6.002012e+01	3.981510e-06	-5.649879e+01
-1.285156e+00	-5.997445e+01	4.023599e-06	-5.646841e+01
-1.281250e+00	-5.990954e+01	4.084195e-06	-5.643780e+01
-1.277344e+00	-5.979361e+01	4.194684e-06	-5.640657e+01
-1.273438e+00	-5.968540e+01	4.300511e-06	-5.637480e+01
-1.269531e+00	-5.959271e+01	4.393279e-06	-5.634257e+01
-1.265625e+00	-5.953203e+01	4.455091e-06	-5.631013e+01
-1.261719e+00	-5.944303e+01	4.547338e-06	-5.627727e+01
-1.257812e+00	-5.948524e+01	4.503357e-06	-5.624497e+01
-1.253906e+00	-5.958870e+01	4.397344e-06	-5.621367e+01
-1.250000e+00	-5.963390e+01	4.351814e-06	-5.618290e+01
-1.246094e+00	-5.970135e+01	4.284747e-06	-5.615282e+01
-1.242188e+00	-5.970712e+01	4.279060e-06	-5.612299e+01
-1.238281e+00	-5.968753e+01	4.298399e-06	-5.609323e+01
-1.234375e+00	-5.963413e+01	4.351579e-06	-5.606331e+01
-1.230469e+00	-5.952530e+01	4.462000e-06	-5.603284e+01
-1.226562e+00	-5.941691e+01	4.574771e-06	-5.600182e+01
-1.222656e+00	-5.935122e+01	4.644487e-06	-5.597055e+01
-1.218750e+00	-5.923916e+01	4.765885e-06	-5.593869e+01
-1.214844e+00	-5.922833e+01	4.777793e-06	-5.590699e+01
-1.210938e+00	-5.917359e+01	4.838397e-06	-5.587513e+01
-1.207031e+00	-5.922293e+01	4.783729e-06	-5.584385e+01
-1.203125e+00	-5.929436e+01	4.705698e-06	-5.581330e+01
-1.199219e+00	-5.935327e+01	4.642298e-06	-5.578337e+01
-1.195312e+00	-5.940916e+01	4.582935e-06	-5.575402e+01
-1.191406e+00	-5.940476e+01	4.587579e-06	-5.572484e+01
-1.187500e+00	-5.936515e+01	4.629617e-06	-5.569559e+01
-1.183594e+00	-5.927025e+01	4.731899e-06	-5.566590e+01
-1.179688e+00	-5.915059e+01	4.864078e-06	-5.563559e+01
-1.175781e+00	-5.903340e+01	4.997120e-06	-5.560466e+01
-1.171875e+00	-5.889526e+01	5.158628e-06	-5.557297e+01
-1.167969e+00	-5.881504e+01	5.254797e-06	-5.554092e+01
-1.164062e+00	-5.879564e+01	5.278325e-06	-5.550897e+01
-1.160156e+00	-5.885512e+01	5.206528e-06	-5.547768e+01
-1.156250e+00	-5.889068e+01	5.164074e-06	-5.544686e+01
-1.152344e+00	-5.895242e+01	5.091176e-06	-5.541670e+01
-1.148438e+00	-5.900930e+01	5.024926e-06	-5.538712e+01
-1.144531e+00	-5.903416e+01	4.996246e-06	-5.535792e+01
-1.140625e+00	-5.901060e+01	5.023431e-06	-5.532876e+01
-1.136719e+00	-5.893697e+01	5.109323e-06	-5.529929e+01
-1.132812e+00	-5.879955e+01	5.273569e-06	-5.526909e+01
-1.128906e+00	-5.867354e+01	5.428825e-06	-5.523821e+01
-1.125000e+00	-5.852585e+01	5.616614e-06	-5.520650e+01
-1.121094e+00	-5.845561e+01	5.708191e-06	-5.517450e+01
-1.117188e+00	-5.844244e+01	5.725538e-06	-5.514264e+01
-1.113281e+00	-5.840240e+01	5.778561e-06	-5.511072e+01
-1.109375e+00	-5.848680e+01	5.667354e-06	-5.507965e+01
-1.105469e+00	-5.850826e+01	5.639413e-06	-5.504894e+01
-1.101562e+00	-5.861044e+01	5.508276e-06	-5.501916e+01
-1.097656e+00	-5.865240e+01	5.455314e-06	-5.498986e+01
-1.093750e+00	-5.865423e+01	5.453019e-06	-5.496078e+01
-1.089844e+00	-5.858595e+01	5.539435e-06	-5.493143e+01
-1.085938e+00	-5.849148e+01	5.661246e-06	-5.490163e+01
-1.082031e+00	-5.829932e+01	5.917366e-06	-5.487071e+01
-1.078125e+00	-5.814498e+01	6.131428e-06	-5.483890e+01
-1.074219e+00	-5.803480e+01	6.288977e-06	-5.480651e+01
-1.070312e+00	-5.792824e+01	6.445187e-06	-5.477356e+01
-1.066406e+00	-5.790837e+01	6.474747e-06	-5.474072e+01
-1.062500e+00	-5.790963e+01	6.472878e-06	-5.470813e+01
-1.058594e+00	-5.797568e+01	6.375178e-06	-5.467627e+01
-1.054688e+00	-5.808402e+01	6.218103e-06	-5.464542e+01
-1.050781e+00	-5.817624e+01	6.087461e-06	-5.461542e+01
-1.046875e+00	-5.818839e+01	6.070447e-06	-5.458572e+01
-1.042969e+00	-5.816000e+01	6.110261e-06	-5.455602e+01
-1.039062e+00	-5.802635e+01	6.301221e-06	-5.452561e+01
-1.035156e+00	-5.786859e+01	6.534322e-06	-5.449430e+01
-1.031250e+00	-5.771548e+01	6.768799e-06	-5.446210e+01
-1.027344e+00	-5.758712e+01	6.971843e-06	-5.442918e+01
-1.023438e+00	-5.741947e+01	7.246248e-06	-5.439522e+01
-1.019531e+00	-5.734526e+01	7.371126e-06	-5.436095e+01
-1.015625e+00	-5.737653e+01	7.318250e-06	-5.432720e+01
-1.011719e+00	-5.743510e+01	7.220220e-06	-5.429415e+01
-1.007812e+00	-5.749755e+01	7.117137e-06	-5.426182e+01
-1.003906e+00	-5.761113e+01	6.933406e-06	-5.423055e+01
-1.000000e+00	-5.769385e+01	6.802601e-06	-5.420009e+01
-9.960938e-01	-5.770335e+01	6.787736e-06	-5.416990e+01
-9.921875e-01	-5.762404e+01	6.912829e-06	-5.413938e+01
-9.882812e-01	-5.746619e+01	7.168714e-06	-5.410795e+01
-9.843750e-01	-5.726301e+01	7.512061e-06	-5.407525e+01
-9.804688e-01	-5.702391e+01	7.937222e-06	-5.404097e+01
-9.765625e-01	-5.683580e+01	8.288572e-06	-5.400547e+01
-9.726562e-01	-5.671984e+01	8.512861e-06	-5.396929e+01
-9.687500e-01	-5.671060e+01	8.531006e-06	-5.393335e+01
-9.648438e-01	-5.675029e+01	8.453393e-06	-5.389802e+01
-9.609375e-01	-5.683380e+01	8.292388e-06	-5.386364e+01
-9.570312e-01	-5.692684e+01	8.116641e-06	-5.383025e+01
-9.531250e-01	-5.705192e+01	7.886202e-06	-5.379805e+01
-9.492188e-01	-5.711814e+01	7.766868e-06	-5.376657e+01
-9.453125e-01	-5.706498e+01	7.862529e-06	-5.373493e+01
-9.414062e-01	-5.690763e+01	8.152607e-06	-5.370237e+01
-9.375000e-01	-5.665530e+01	8.640320e-06	-5.366813e+01
-9.335938e-01	-5.640868e+01	9.145168e-06	-5.363217e+01
-9.296875e-01	-5.606752e+01	9.892548e-06	-5.359361e+01
-9.257812e-01	-5.585397e+01	1.039113e-05	-5.355347e+01
-9.218750e-01	-5.578986e+01	1.054567e-05	-5.351312e+01
-9.179688e-01	-5.584430e+01	1.041430e-05	-5.347362e+01
-9.140625e-01	-5.592979e+01	1.021130e-05	-5.343525e+01
-9.101562e-01	-5.619875e+01	9.598103e-06	-5.339948e+01
-9.062500e-01	-5.636357e+01	9.240653e-06	-5.336532e+01
-9.023438e-01	-5.648079e+01	8.994588e-06	-5.333233e+01
-8.984375e-01	-5.645697e+01	9.044045e-06	-5.329941e+01
-8.945312e-01	-5.630336e+01	9.369660e-06	-5.326556e+01
-8.906250e-01	-5.597085e+01	1.011522e-05	-5.322932e+01
-8.867188e-01	-5.557540e+01	1.107950e-05	-5.318996e+01
-8.828125e-01	-5.509952e+01	1.236255e-05	-5.314646e+01
-8.789062e-01	-5.474276e+01	1.342097e-05	-5.309973e+01
-8.750000e-01	-5.466744e+01	1.365578e-05	-5.305269e+01
-8.710938e-01	-5.465384e+01	1.369858e-05	-5.300600e+01
-8.671875e-01	-5.480016e+01	1.324476e-05	-5.296134e+01
-8.632812e-01	-5.502857e+01	1.256617e-05	-5.291938e+01
-8.593750e-01	-5.537875e+01	1.159272e-05	-5.288104e+01
-8.554688e-01	-5.561030e+01	1.099082e-05	-5.284499e+01
-8.515625e-01	-5.565369e+01	1.088156e-05	-5.280959e+01
-8.476562e-01	-5.543075e+01	1.145474e-05	-5.277264e+01
-8.437500e-01	-5.501617e+01	1.260209e-05	-5.273235e+01
-8.398438e-01	-5.443224e+01	1.441571e-05	-5.268671e+01
-8.359375e-01	-5.359374e+01	1.748582e-05	-5.263199e+01
-8.320312e-01	-5.302270e+01	1.994299e-05	-5.257040e+01
-8.281250e-01	-5.268262e+01	2.156742e-05	-5.250478e+01
-8.242188e-01	-5.294654e+01	2.029581e-05	-5.244391e+01
-8.203125e-01	-5.317185e+01	1.926969e-05	-5.238690e+01
-8.164062e-01	-5.365276e+01	1.724979e-05	-5.233649e+01
-8.125000e-01	-5.418263e+01	1.526851e-05	-5.229236e+01
-8.085938e-01	-5.458749e+01	1.390947e-05	-5.225254e+01
-8.046875e-01	-5.464988e+01	1.371110e-05	-5.221364e+01
-8.007812e-01	-5.414061e+01	1.541698e-05	-5.217031e+01
-7.968750e-01	-5.304690e+01	1.983215e-05	-5.211521e+01
-7.929688e-01	-5.186991e+01	2.600573e-05	-5.204399e+01
-7.890625e-01	-5.082927e+01	3.304705e-05	-5.195515e+01
-7.851562e-01	-5.003121e+01	3.971358e-05	-5.185073e+01
-7.812500e-01	-4.974020e+01	4.246590e-05	-5.174179e+01
-7.773438e-01	-4.977679e+01	4.210959e-05	-5.163640e+01
-7.734375e-01	-5.027072e+01	3.758272e-05	-5.154444e+01
-7.695312e-01	-5.139574e+01	2.900586e-05	-5.147478e+01
-7.656250e-01	-5.285445e+01	2.073073e-05	-5.142567e+01
-7.617188e-01	-5.230762e+01	2.351245e-05	-5.137063e+01
-7.578125e-01	-4.886283e+01	5.197289e-05	-5.125140e+01
-7.539062e-01	-4.486760e+01	1.304068e-04	-5.096588e+01
-7.500000e-01	-4.131283e+01	2.956491e-04	-5.038066e+01
-7.460938e-01	-3.849597e+01	5.655395e-04	-4.944242e+01
-7.421875e-01	-3.634188e+01	9.286916e-04	-4.823977e+01
-7.382812e-01	-3.414309e+01	1.540816e-03	-4.677440e+01
-7.343750e-01	-3.213343e+01	2.447468e-03	-4.514607e+01
-7.304688e-01	-3.029855e+01	3.734263e-03	-4.345209e+01
-7.265625e-01	-2.845933e+01	5.703309e-03	-4.171067e+01
-7.226562e-01	-2.793700e+01	6.432209e-03	-4.033538e+01
-7.187500e-01	-2.707487e+01	7.844644e-03	-3.909349e+01
-7.148438e-01	-2.582892e+01	1.045124e-02	-3.785060e+01
-7.109375e-01	-2.483306e+01	1.314481e-02	-3.666788e+01
-7.070312e-01	-2.365321e+01	1.724800e-02	-3.548585e+01
-7.031250e-01	-2.283493e+01	2.082415e-02	-3.438776e+01
-6.992188e-01	-2.239321e+01	2.305360e-02	-3.342795e+01
-6.953125e-01	-2.186059e+01	2.606158e-02	-3.254958e+01
-6.914062e-01	-2.110467e+01	3.101651e-02	-3.169336e+01
-6.875000e-01	-2.055860e+01	3.517222e-02	-3.089105e+01
-6.835938e-01	-1.998925e+01	4.009913e-02	-3.012716e+01
-6.796875e-01	-1.932106e+01	4.676851e-02	-2.937856e+01
-6.757812e-01	-1.866847e+01	5.435164e-02	-2.864503e+01
-6.718750e-01	-1.782858e+01	6.594811e-02	-2.789479e+01
-6.679688e-01	-1.730741e+01	7.435648e-02	-2.718010e+01
-6.640625e-01	-1.712487e+01	7.754841e-02	-2.654208e+01
-6.601562e-01	-1.659322e+01	8.764712e-02	-2.591844e+01
-6.562500e-01	-1.636168e+01	9.244679e-02	-2.534524e+01
-6.523438e-01	-1.627532e+01	9.430348e-02	-2.482936e+01
-6.484375e-01	-1.603610e+01	9.964385e-02	-2.434361e+01
-6.445312e-01	-1.583516e+01	1.043624e-01	-2.388713e+01
-6.406250e-01	-1.584827e+01	1.040478e-01	-2.347528e+01
-6.367188e-01	-1.557736e+01	1.107450e-01	-2.307600e+01
-6.328125e-01	-1.511601e+01	1.231571e-01	-2.267123e+01
-6.289062e-01	-1.472546e+01	1.347455e-01	-2.226772e+01
-6.250000e-01	-1.411662e+01	1.550238e-01	-2.184560e+01
-6.210938e-01	-1.365415e+01	1.724429e-01	-2.141973e+01
-6.171875e-01	-1.370229e+01	1.705419e-01	-2.103600e+01
-6.132812e-01	-1.376147e+01	1.682338e-01	-2.068803e+01
-6.093750e-01	-1.372734e+01	1.695610e-01	-2.036344e+01
-6.054688e-01	-1.298801e+01	2.010292e-01	-2.000761e+01
-6.015625e-01	-1.289690e+01	2.052909e-01	-1.967204e+01
-5.976562e-01	-1.290025e+01	2.051326e-01	-1.936078e+01
-5.937500e-01	-1.246862e+01	2.265678e-01	-1.904108e+01
-5.898438e-01	-1.240316e+01	2.300086e-01	-1.873894e+01
-5.859375e-01	-1.182694e+01	2.626429e-01	-1.841784e+01
-5.820312e-01	-1.169466e+01	2.707661e-01	-1.810992e+01
-5.781250e-01	-1.170925e+01	2.698580e-01	-1.782333e+01
-5.742188e-01	-1.168931e+01	2.710994e-01	-1.755328e+01
-5.703125e-01	-1.157898e+01	2.780750e-01	-1.729271e+01
-5.664062e-01	-1.139497e+01	2.901104e-01	-1.703655e+01
-5.625000e-01	-1.131358e+01	2.955985e-01	-1.679021e+01
-5.585938e-01	-1.104305e+01	3.145974e-01	-1.654254e+01
-5.546875e-01	-1.098915e+01	3.185258e-01	-1.630539e+01
-5.507812e-01	-1.072765e+01	3.382944e-01	-1.606693e+01
-5.468750e-01	-1.038666e+01	3.659262e-01	-1.582294e+01
-5.429688e-01	-1.037707e+01	3.667354e-01	-1.559144e+01
-5.390625e-01	-1.007856e+01	3.928290e-01	-1.535642e+01
-5.351562e-01	-1.026253e+01	3.765362e-01	-1.514250e+01
-5.312500e-01	-9.969335e+00	4.028343e-01	-1.492474e+01
-5.273438e-01	-9.774837e+00	4.212853e-01	-1.470811e+01
-5.234375e-01	-1.003433e+01	3.968506e-01	-1.451348e+01
-5.195312e-01	-9.953743e+00	4.042832e-01	-1.432378e+01
-5.156250e-01	-9.865631e+00	4.125693e-01	-1.413838e+01
-5.117188e-01	-9.518149e+00	4.469357e-01	-1.394608e+01
-5.078125e-01	-9.064651e+00	4.961293e-01	-1.374214e+01
-5.039062e-01	-8.811399e+00	5.259204e-01	-1.353592e+01
-5.000000e-01	-8.729465e+00	5.359367e-01	-1.333539e+01
-4.960938e-01	-8.568666e+00	5.561519e-01	-1.313664e+01
-4.921875e-01	-8.593693e+00	5.529561e-01	-1.294766e+01
-4.882812e-01	-8.777567e+00	5.300335e-01	-1.277392e+01
-4.843750e-01	-8.466753e+00	5.693571e-01	-1.259472e+01
-4.804688e-01	-8.091320e+00	6.207660e-01	-1.240742e+01
-4.765625e-01	-8.243250e+00	5.994253e-01	-1.223391e+01
-4.726562e-01	-7.889003e+00	6.503688e-01	-1.205318e+01
-4.687500e-01	-8.264390e+00	5.965145e-01	-1.189378e+01
-4.648438e-01	-8.172204e+00	6.093118e-01	-1.173679e+01
-4.609375e-01	-7.862419e+00	6.543620e-01	-1.157427e+01
-4.570312e-01	-7.693982e+00	6.802395e-01	-1.141154e+01
-4.531250e-01	-7.470971e+00	7.160821e-01	-1.124658e+01
-4.492188e-01	-8.044523e+00	6.274912e-01	-1.110700e+01
-4.453125e-01	-8.213050e+00	6.036080e-01	-1.097684e+01
-4.414062e-01	-7.985069e+00	6.361405e-01	-1.084376e+01
-4.375000e-01	-8.078460e+00	6.226070e-01	-1.071735e+01
-4.335938e-01	-7.726355e+00	6.751877e-01	-1.058429e+01
-4.296875e-01	-7.723457e+00	6.756383e-01	-1.045511e+01
-4.257812e-01	-7.819330e+00	6.608867e-01	-1.033236e+01
-4.218750e-01	-7.667950e+00	6.843291e-01	-1.020880e+01
-4.179688e-01	-7.584010e+00	6.976843e-01	-1.008636e+01
-4.140625e-01	-7.357348e+00	7.350640e-01	-9.960979e+00
-4.101562e-01	-7.438008e+00	7.215379e-01	-9.841331e+00
-4.062500e-01	-7.039762e+00	7.908312e-01	-9.713872e+00
-4.023438e-01	-7.056672e+00	7.877580e-01	-9.590521e+00
-3.984375e-01	-6.894118e+00	8.178020e-01	-9.466067e+00
-3.945312e-01	-6.925825e+00	8.118531e-01	-9.345949e+00
-3.906250e-01	-7.482624e+00	7.141634e-01	-9.242964e+00
-3.867188e-01	-7.180906e+00	7.655426e-01	-9.135215e+00
-3.828125e-01	-6.898701e+00	8.169395e-01	-9.023107e+00
-3.789062e-01	-6.643768e+00	8.663297e-01	-8.907300e+00
-3.750000e-01	-6.915211e+00	8.138397e-01	-8.801252e+00
-3.710938e-01	-7.010755e+00	7.961310e-01	-8.699959e+00
-3.671875e-01	-7.018515e+00	7.947097e-01	-8.601150e+00
-3.632812e-01	-6.883315e+00	8.198388e-01	-8.501518e+00
-3.593750e-01	-6.372339e+00	9.222021e-01	-8.392113e+00
-3.554688e-01	-6.593578e+00	8.763997e-01	-8.290634e+00
-3.515625e-01	-6.523244e+00	8.907086e-01	-8.189872e+00
-3.476562e-01	-6.505636e+00	8.943271e-01	-8.091000e+00
-3.437500e-01	-6.410667e+00	9.140991e-01	-7.992216e+00
-3.398438e-01	-6.040311e+00	9.954716e-01	-7.887133e+00
-3.359375e-01	-6.114300e+00	9.786558e-01	-7.786247e+00
-3.320312e-01	-5.775050e+00	1.058169e+00	-7.679737e+00
-3.281250e-01	-5.722655e+00	1.071012e+00	-7.574531e+00
-3.242188e-01	-6.122285e+00	9.768581e-01	-7.480747e+00
-3.203125e-01	-5.951775e+00	1.015974e+00	-7.385309e+00
-3.164062e-01	-6.250324e+00	9.484787e-01	-7.298065e+00
-3.125000e-01	-5.901367e+00	1.027835e+00	-7.205460e+00
-3.085938e-01	-5.737432e+00	1.067374e+00	-7.111338e+00
-3.046875e-01	-6.181247e+00	9.636854e-01	-7.028077e+00
-3.007812e-01	-6.228238e+00	9.533146e-01	-6.947253e+00
-2.968750e-01	-6.246745e+00	9.492606e-01	-6.868240e+00
-2.929688e-01	-6.041633e+00	9.951687e-01	-6.786920e+00
-2.890625e-01	-6.107310e+00	9.802322e-01	-6.708283e+00
-2.851562e-01	-6.261194e+00	9.461077e-01	-6.633711e+00
-2.812500e-01	-6.346338e+00	9.277398e-01	-6.561809e+00
-2.773438e-01	-6.293626e+00	9.390687e-01	-6.490221e+00
-2.734375e-01	-6.045387e+00	9.943088e-01	-6.415687e+00
-2.695312e-01	-6.124410e+00	9.763803e-01	-6.343721e+00
-2.656250e-01	-5.663293e+00	1.085752e+00	-6.265069e+00
-2.617188e-01	-5.486153e+00	1.130953e+00	-6.184630e+00
-2.578125e-01	-5.430151e+00	1.145631e+00	-6.104638e+00
-2.539062e-01	-5.832588e+00	1.044242e+00	-6.032987e+00
-2.500000e-01	-6.371054e+00	9.224750e-01	-5.970660e+00
-2.460938e-01	-6.211606e+00	9.569723e-01	-5.906933e+00
-2.421875e-01	-6.362283e+00	9.243398e-01	-5.846255e+00
-2.382812e-01	-6.095013e+00	9.830116e-01	-5.782643e+00
-2.343750e-01	-6.178417e+00	9.643136e-01	-5.721132e+00
-2.304688e-01	-6.119854e+00	9.774051e-01	-5.659664e+00
-2.265625e-01	-6.101529e+00	9.815379e-01	-5.598798e+00
-2.226562e-01	-6.546827e+00	8.858849e-01	-5.544587e+00
-2.187500e-01	-6.418936e+00	9.123604e-01	-5.489454e+00
-2.148438e-01	-6.378287e+00	9.209399e-01	-5.434504e+00
-2.109375e-01	-6.001160e+00	1.004486e+00	-5.375351e+00
-2.070312e-01	-5.802219e+00	1.051570e+00	-5.314276e+00
-2.031250e-01	-6.139593e+00	9.729727e-01	-5.258522e+00
-1.992188e-01	-5.928502e+00	1.021433e+00	-5.200750e+00
-1.953125e-01	-6.268665e+00	9.444816e-01	-5.148006e+00
-1.914062e-01	-6.182751e+00	9.633517e-01	-5.094860e+00
-1.875000e-01	-5.910528e+00	1.025669e+00	-5.038982e+00
-1.835938e-01	-6.262574e+00	9.458071e-01	-4.988085e+00
-1.796875e-01	-6.389981e+00	9.184636e-01	-4.939223e+00
-1.757812e-01	-6.086755e+00	9.848826e-01	-4.887431e+00
-1.718750e-01	-5.884860e+00	1.031749e+00	-4.833830e+00
-1.679688e-01	-5.834325e+00	1.043824e+00	-4.780266e+00
-1.640625e-01	-6.025027e+00	9.989812e-01	-4.729614e+00
-1.601562e-01	-6.192634e+00	9.611620e-01	-4.681431e+00
-1.562500e-01	-6.429906e+00	9.100586e-01	-4.636298e+00
-1.523438e-01	-6.174805e+00	9.651160e-01	-4.588941e+00
-1.484375e-01	-6.092821e+00	9.835080e-01	-4.541207e+00
-1.445312e-01	-6.198846e+00	9.597882e-01	-4.495125e+00
-1.406250e-01	-6.230813e+00	9.527495e-01	-4.449859e+00
-1.367188e-01	-6.535785e+00	8.881401e-01	-4.408084e+00
-1.328125e-01	-5.924571e+00	1.022358e+00	-4.360487e+00
-1.289062e-01	-5.910111e+00	1.025767e+00	-4.313251e+00
-1.250000e-01	-5.835858e+00	1.043456e+00	-4.265721e+00
-1.210938e-01	-6.157470e+00	9.689760e-01	-4.222045e+00
-1.171875e-01	-6.506113e+00	8.942289e-01	-4.182124e+00
-1.132812e-01	-6.293672e+00	9.390589e-01	-4.140593e+00
-1.093750e-01	-6.338166e+00	9.294871e-01	-4.099873e+00
-1.054688e-01	-6.273902e+00	9.433434e-01	-4.058933e+00
-1.015625e-01	-6.372072e+00	9.222588e-01	-4.019277e+00
-9.765625e-02	-5.993410e+00	1.006280e+00	-3.976418e+00
-9.375000e-02	-6.022675e+00	9.995223e-01	-3.934261e+00
-8.984375e-02	-5.855069e+00	1.038851e+00	-3.890874e+00
-8.593750e-02	-5.495380e+00	1.128553e+00	-3.844228e+00
-8.203125e-02	-5.613481e+00	1.098277e+00	-3.799309e+00
-7.812500e-02	-5.897788e+00	1.028682e+00	-3.757653e+00
-7.421875e-02	-6.034389e+00	9.968300e-01	-3.717665e+00
-7.031250e-02	-6.050858e+00	9.930571e-01	-3.678192e+00
-6.640625e-02	-5.808406e+00	1.050073e+00	-3.636838e+00
-6.250000e-02	-6.009506e+00	1.002558e+00	-3.597720e+00
-5.859375e-02	-6.124901e+00	9.762699e-01	-3.559963e+00
-5.468750e-02	-6.229650e+00	9.530046e-01	-3.523420e+00
-5.078125e-02	-6.270153e+00	9.441580e-01	-3.487516e+00
-4.687500e-02	-6.240673e+00	9.505888e-01	-3.451666e+00
-4.296875e-02	-5.958191e+00	1.014474e+00	-3.413730e+00
-3.906250e-02	-5.153035e+00	1.221115e+00	-3.368501e+00
-3.515625e-02	-5.162251e+00	1.218526e+00	-3.323834e+00
-3.125000e-02	-5.965790e+00	1.012700e+00	-3.287057e+00
-2.734375e-02	-6.240519e+00	9.506225e-01	-3.252816e+00
-2.343750e-02	-6.215203e+00	9.561802e-01	-3.218646e+00
-1.953125e-02	-6.123053e+00	9.766853e-01	-3.184017e+00
-1.562500e-02	-6.095380e+00	9.829287e-01	-3.149444e+00
-1.171875e-02	-6.232543e+00	9.523699e-01	-3.116206e+00
-7.812500e-03	-5.766582e+00	1.060234e+00	-3.079501e+00
-3.906250e-03	-5.655745e+00	1.087641e+00	-3.042166e+00
0.000000e+00	-5.174993e+00	1.214956e+00	-3.000838e+00
3.906250e-03	-5.492125e+00	1.129399e+00	-2.962769e+00
7.812500e-03	-5.833956e+00	1.043913e+00	-2.927876e+00
1.171875e-02	-6.150133e+00	9.706142e-01	-2.895682e+00
1.562500e-02	-6.321693e+00	9.330194e-01	-2.864959e+00
1.953125e-02	-6.204742e+00	9.584860e-01	-2.833622e+00
2.343750e-02	-5.936521e+00	1.019549e+00	-2.800535e+00
2.734375e-02	-6.175491e+00	9.649635e-01	-2.769450e+00
3.125000e-02	-6.337007e+00	9.297353e-01	-2.739708e+00
3.515625e-02	-6.275533e+00	9.429890e-01	-2.709750e+00
3.906250e-02	-6.030486e+00	9.977261e-01	-2.678275e+00
4.296875e-02	-5.645815e+00	1.090130e+00	-2.644145e+00
4.687500e-02	-5.900577e+00	1.028022e+00	-2.612203e+00
5.078125e-02	-6.370904e+00	9.225068e-01	-2.583738e+00
5.468750e-02	-6.301769e+00	9.373097e-01	-2.555006e+00
5.859375e-02	-6.154046e+00	9.697402e-01	-2.525479e+00
6.250000e-02	-6.305024e+00	9.366074e-01	-2.497150e+00
6.640625e-02	-6.241744e+00	9.503544e-01	-2.468592e+00
7.031250e-02	-6.050287e+00	9.931877e-01	-2.438947e+00
7.421875e-02	-5.600107e+00	1.101664e+00	-2.406300e+00
7.812500e-02	-5.849541e+00	1.040174e+00	-2.375698e+00
8.203125e-02	-5.901555e+00	1.027790e+00	-2.345670e+00
8.593750e-02	-5.777334e+00	1.057613e+00	-2.314987e+00
8.984375e-02	-6.197246e+00	9.601418e-01	-2.287318e+00
9.375000e-02	-6.446720e+00	9.065421e-01	-2.261354e+00
9.765625e-02	-6.261956e+00	9.459418e-01	-2.234427e+00
1.015625e-01	-6.081244e+00	9.861332e-01	-2.206532e+00
1.054688e-01	-6.352759e+00	9.263691e-01	-2.180490e+00
1.093750e-01	-6.315356e+00	9.343819e-01	-2.154379e+00
1.132812e-01	-5.960025e+00	1.014046e+00	-2.126219e+00
1.171875e-01	-5.713605e+00	1.073246e+00	-2.096613e+00
1.210938e-01	-5.393380e+00	1.155372e+00	-2.064965e+00
1.250000e-01	-5.742025e+00	1.066246e+00	-2.035962e+00
1.289062e-01	-5.813576e+00	1.048823e+00	-2.007620e+00
1.328125e-01	-5.748391e+00	1.064684e+00	-1.979038e+00
1.367188e-01	-5.930083e+00	1.021061e+00	-1.951802e+00
1.406250e-01	-5.958258e+00	1.014458e+00	-1.924911e+00
1.445312e-01	-6.019474e+00	1.000259e+00	-1.898558e+00
1.484375e-01	-5.887676e+00	1.031080e+00	-1.871559e+00
1.523438e-01	-6.117569e+00	9.779194e-01	-1.846107e+00
1.562500e-01	-6.273153e+00	9.435060e-01	-1.821691e+00
1.601562e-01	-6.288053e+00	9.402746e-01	-1.797494e+00
1.640625e-01	-5.702541e+00	1.075984e+00	-1.769969e+00
1.679688e-01	-5.250092e+00	1.194128e+00	-1.739625e+00
1.718750e-01	-5.248820e+00	1.194478e+00	-1.709483e+00
1.757812e-01	-5.925365e+00	1.022171e+00	-1.683854e+00
1.796875e-01	-6.214974e+00	9.562306e-01	-1.660014e+00
1.835938e-01	-6.273334e+00	9.434668e-01	-1.636620e+00
1.875000e-01	-6.285236e+00	9.408846e-01	-1.613415e+00
1.914062e-01	-6.272833e+00	9.435756e-01	-1.590268e+00
1.953125e-01	-6.054638e+00	9.921931e-01	-1.566060e+00
1.992188e-01	-5.799409e+00	1.052250e+00	-1.540533e+00
2.031250e-01	-6.050713e+00	9.930902e-01	-1.516579e+00
2.070312e-01	-6.022363e+00	9.995941e-01	-1.492600e+00
2.109375e-01	-6.236271e+00	9.515528e-01	-1.469896e+00
2.148438e-01	-6.141957e+00	9.724433e-01	-1.446816e+00
2.187500e-01	-6.279377e+00	9.421548e-01	-1.424571e+00
2.226562e-01	-6.372343e+00	9.222012e-01	-1.402906e+00
2.265625e-01	-6.153444e+00	9.698747e-01	-1.380238e+00
2.304688e-01	-6.066847e+00	9.894078e-01	-1.357235e+00
2.343750e-01	-6.091599e+00	9.837847e-01	-1.334482e+00
2.382812e-01	-6.001847e+00	1.004327e+00	-1.311377e+00
2.421875e-01	-6.005749e+00	1.003425e+00	-1.288414e+00
2.460938e-01	-5.878679e+00	1.033218e+00	-1.264896e+00
2.500000e-01	-5.752373e+00	1.063709e+00	-1.240817e+00
2.539062e-01	-5.715654e+00	1.072740e+00	-1.216667e+00
2.578125e-01	-6.020087e+00	1.000118e+00	-1.194272e+00
2.617188e-01	-6.010238e+00	1.002389e+00	-1.171942e+00
2.656250e-01	-5.840259e+00	1.042399e+00	-1.148842e+00
2.695312e-01	-5.711480e+00	1.073772e+00	-1.125174e+00
2.734375e-01	-5.303102e+00	1.179641e+00	-1.099321e+00
2.773438e-01	-6.071141e+00	9.884298e-01	-1.077776e+00
2.812500e-01	-6.488921e+00	8.977759e-01	-1.058299e+00
2.851562e-01	-6.376664e+00	9.212842e-01	-1.038403e+00
2.890625e-01	-6.368187e+00	9.230842e-01	-1.018559e+00
2.929688e-01	-6.125777e+00	9.760729e-01	-9.976737e-01
2.968750e-01	-6.111705e+00	9.792409e-01	-9.768212e-01
3.007812e-01	-6.458348e+00	9.041181e-01	-9.576569e-01
3.046875e-01	-6.644097e+00	8.662640e-01	-9.393740e-01
3.085938e-01	-6.546143e+00	8.860245e-01	-9.207533e-01
3.125000e-01	-6.604367e+00	8.742252e-01	-9.024585e-01
3.164062e-01	-6.600448e+00	8.750144e-01	-8.842240e-01
3.203125e-01	-6.460703e+00	9.036281e-01	-8.654733e-01
3.242188e-01	-6.293476e+00	9.391012e-01	-8.460719e-01
3.281250e-01	-5.928023e+00	1.021546e+00	-8.250651e-01
3.320312e-01	-5.804349e+00	1.051054e+00	-8.035571e-01
3.359375e-01	-6.048318e+00	9.936380e-01	-7.833215e-01
3.398438e-01	-5.905174e+00	1.026934e+00	-7.625065e-01
3.437500e-01	-6.034979e+00	9.966947e-01	-7.423993e-01
3.476562e-01	-6.312117e+00	9.350789e-01	-7.236194e-01
3.515625e-01	-6.423390e+00	9.114251e-01	-7.053924e-01
3.554688e-01	-6.552691e+00	8.846896e-01	-6.877729e-01
3.593750e-01	-6.893611e+00	8.178976e-01	-6.715470e-01
3.632812e-01	-6.953344e+00	8.067252e-01	-6.556019e-01
3.671875e-01	-6.805711e+00	8.346202e-01	-6.391669e-01
3.710938e-01	-6.728937e+00	8.495056e-01	-6.225023e-01
3.750000e-01	-6.426497e+00	9.107733e-01	-6.047067e-01
3.789062e-01	-6.252589e+00	9.479843e-01	-5.862610e-01
3.828125e-01	-6.597750e+00	8.755582e-01	-5.692940e-01
3.867188e-01	-6.940924e+00	8.090356e-01	-5.536747e-01
3.906250e-01	-7.208086e+00	7.607666e-01	-5.390384e-01
3.945312e-01	-6.752624e+00	8.448850e-01	-5.228414e-01
3.984375e-01	-6.922161e+00	8.125384e-01	-5.073213e-01
4.023438e-01	-7.205397e+00	7.612377e-01	-4.928311e-01
4.062500e-01	-7.040997e+00	7.906063e-01	-4.778330e-01
4.101562e-01	-7.235092e+00	7.560505e-01	-4.635387e-01
4.140625e-01	-6.919641e+00	8.130101e-01	-4.482198e-01
4.179688e-01	-7.024941e+00	7.935347e-01	-4.333198e-01
4.218750e-01	-7.291387e+00	7.463135e-01	-4.193529e-01
4.257812e-01	-7.506006e+00	7.103287e-01	-4.061011e-01
4.296875e-01	-7.634918e+00	6.895539e-01	-3.932754e-01
4.335938e-01	-7.685524e+00	6.815655e-01	-3.806354e-01
4.375000e-01	-7.827336e+00	6.596695e-01	-3.684364e-01
4.414062e-01	-7.788750e+00	6.655566e-01	-3.561631e-01
4.453125e-01	-7.946587e+00	6.418023e-01	-3.443607e-01
4.492188e-01	-7.914978e+00	6.464905e-01	-3.325044e-01
4.531250e-01	-7.788313e+00	6.656236e-01	-3.203309e-01
4.570312e-01	-7.990256e+00	6.353813e-01	-3.087423e-01
4.609375e-01	-7.914755e+00	6.465237e-01	-2.969821e-01
4.648438e-01	-8.306730e+00	5.907272e-01	-2.862646e-01
4.687500e-01	-8.239441e+00	5.999511e-01	-2.754068e-01
4.726562e-01	-8.248891e+00	5.986471e-01	-2.645995e-01
4.765625e-01	-8.727811e+00	5.361409e-01	-2.549435e-01
4.804688e-01	-8.863715e+00	5.196231e-01	-2.456053e-01
4.843750e-01	-8.997595e+00	5.038491e-01	-2.365698e-01
4.882812e-01	-8.866145e+00	5.193325e-01	-2.272763e-01
4.921875e-01	-8.635725e+00	5.476304e-01	-2.174978e-01
4.960938e-01	-8.590558e+00	5.533554e-01	-2.076394e-01
5.000000e-01	-8.730605e+00	5.357960e-01	-1.981152e-01
5.039062e-01	-8.787220e+00	5.288567e-01	-1.887347e-01
5.078125e-01	-9.026385e+00	5.005201e-01	-1.798755e-01
5.117188e-01	-9.428255e+00	4.562832e-01	-1.718150e-01
5.156250e-01	-9.347041e+00	4.648960e-01	-1.636176e-01
5.195312e-01	-9.175937e+00	4.835778e-01	-1.551073e-01
5.234375e-01	-9.548260e+00	4.438477e-01	-1.473108e-01
5.273438e-01	-9.409870e+00	4.582189e-01	-1.392765e-01
5.312500e-01	-9.993189e+00	4.006278e-01	-1.322642e-01
5.351562e-01	-1.012825e+01	3.883604e-01	-1.254774e-01
5.390625e-01	-1.003011e+01	3.972368e-01	-1.185464e-01
5.429688e-01	-1.008127e+01	3.925846e-01	-1.117075e-01
5.468750e-01	-1.006691e+01	3.938845e-01	-1.048567e-01
5.507812e-01	-1.085116e+01	3.288094e-01	-9.914598e-02
5.546875e-01	-1.125318e+01	2.997379e-01	-9.394673e-02
5.585938e-01	-1.124453e+01	3.003358e-01	-8.874335e-02
5.625000e-01	-1.156134e+01	2.792070e-01	-8.391161e-02
5.664062e-01	-1.144176e+01	2.870012e-01	-7.895059e-02
5.703125e-01	-1.166186e+01	2.728183e-01	-7.423998e-02
5.742188e-01	-1.200068e+01	2.523435e-01	-6.988744e-02
5.781250e-01	-1.208521e+01	2.474796e-01	-6.562303e-02
5.820312e-01	-1.224908e+01	2.383153e-01	-6.152049e-02
5.859375e-01	-1.227320e+01	2.369954e-01	-5.744451e-02
5.898438e-01	-1.260284e+01	2.196728e-01	-5.366986e-02
5.937500e-01	-1.247908e+01	2.260227e-01	-4.978953e-02
5.976562e-01	-1.274343e+01	2.126753e-01	-4.614150e-02
6.015625e-01	-1.287307e+01	2.064204e-01	-4.260370e-02
6.054688e-01	-1.315112e+01	1.936190e-01	-3.928791e-02
6.093750e-01	-1.400717e+01	1.589802e-01	-3.656722e-02
6.132812e-01	-1.399889e+01	1.592838e-01	-3.384303e-02
6.171875e-01	-1.400288e+01	1.591375e-01	-3.112306e-02
6.210938e-01	-1.404312e+01	1.576696e-01	-2.842985e-02
6.250000e-01	-1.460318e+01	1.385932e-01	-2.606388e-02
6.289062e-01	-1.501578e+01	1.260324e-01	-2.391345e-02
6.328125e-01	-1.532551e+01	1.173569e-01	-2.191200e-02
6.367188e-01	-1.552222e+01	1.121601e-01	-2.000004e-02
6.406250e-01	-1.532537e+01	1.173607e-01	-1.800033e-02
6.445312e-01	-1.586123e+01	1.037378e-01	-1.623351e-02
6.484375e-01	-1.614305e+01	9.721975e-02	-1.457835e-02
6.523438e-01	-1.646068e+01	9.036323e-02	-1.304049e-02
6.562500e-01	-1.673985e+01	8.473739e-02	-1.159887e-02
6.601562e-01	-1.673118e+01	8.490668e-02	-1.015485e-02
6.640625e-01	-1.719462e+01	7.631297e-02	-8.857394e-03
6.679688e-01	-1.728020e+01	7.482386e-02	-7.585630e-03
6.718750e-01	-1.762687e+01	6.908323e-02	-6.411769e-03
6.757812e-01	-1.850105e+01	5.648784e-02	-5.452165e-03
6.796875e-01	-1.881968e+01	5.249188e-02	-4.560633e-03
6.835938e-01	-1.963211e+01	4.353601e-02	-3.821348e-03
6.875000e-01	-1.987798e+01	4.113979e-02	-3.122869e-03
6.914062e-01	-2.028541e+01	3.745579e-02	-2.487035e-03
6.953125e-01	-2.138553e+01	2.907412e-02	-1.993549e-03
6.992188e-01	-2.214888e+01	2.438774e-02	-1.579650e-03
7.031250e-01	-2.295107e+01	2.027465e-02	-1.235587e-03
7.070312e-01	-2.360488e+01	1.744101e-02	-9.396328e-04
7.109375e-01	-2.455238e+01	1.402240e-02	-7.017031e-04
7.148438e-01	-2.572797e+01	1.069702e-02	-5.202068e-04
7.187500e-01	-2.692289e+01	8.124028e-03	-3.823714e-04
7.226562e-01	-2.810091e+01	6.193970e-03	-2.772851e-04
7.265625e-01	-2.918411e+01	4.826681e-03	-1.953978e-04
7.304688e-01	-3.077223e+01	3.348397e-03	-1.385913e-04
7.343750e-01	-3.201244e+01	2.516608e-03	-9.589689e-05
7.382812e-01	-3.365141e+01	1.725515e-03	-6.662364e-05
7.421875e-01	-3.573150e+01	1.068833e-03	-4.849106e-05
7.460938e-01	-3.846369e+01	5.697582e-04	-3.882523e-05
7.500000e-01	-4.189825e+01	2.583656e-04	-3.444212e-05
7.539062e-01	-4.518111e+01	1.213248e-04	-3.238387e-05
7.578125e-01	-4.903794e+01	4.991905e-05	-3.153701e-05
7.617188e-01	-5.239737e+01	2.303153e-05	-3.114628e-05
7.656250e-01	-5.285897e+01	2.070920e-05	-3.079496e-05
7.695312e-01	-5.139969e+01	2.897953e-05	-3.030333e-05
7.734375e-01	-5.022371e+01	3.799170e-05	-2.965881e-05
7.773438e-01	-4.990121e+01	4.092034e-05	-2.896460e-05
7.812500e-01	-4.979588e+01	4.192487e-05	-2.825336e-05
7.851562e-01	-5.018626e+01	3.832072e-05	-2.760326e-05
7.890625e-01	-5.071727e+01	3.391041e-05	-2.702798e-05
7.929688e-01	-5.173848e+01	2.680478e-05	-2.657324e-05
7.968750e-01	-5.308050e+01	1.967930e-05	-2.623939e-05
8.007812e-01	-5.411044e+01	1.552444e-05	-2.597602e-05
8.046875e-01	-5.466398e+01	1.366665e-05	-2.574417e-05
8.085938e-01	-5.457538e+01	1.394832e-05	-2.550754e-05
8.125000e-01	-5.407491e+01	1.565198e-05	-2.524201e-05
8.164062e-01	-5.364107e+01	1.729630e-05	-2.494858e-05
8.203125e-01	-5.324789e+01	1.893525e-05	-2.462735e-05
8.242188e-01	-5.301821e+01	1.996360e-05	-2.428868e-05
8.281250e-01	-5.296209e+01	2.022327e-05	-2.394559e-05
8.320312e-01	-5.322609e+01	1.903053e-05	-2.362275e-05
8.359375e-01	-5.376431e+01	1.681236e-05	-2.333753e-05
8.398438e-01	-5.437510e+01	1.460664e-05	-2.308973e-05
8.437500e-01	-5.502605e+01	1.257348e-05	-2.287643e-05
8.476562e-01	-5.544127e+01	1.142703e-05	-2.268257e-05
8.515625e-01	-5.564930e+01	1.089256e-05	-2.249778e-05
8.554688e-01	-5.560555e+01	1.100286e-05	-2.231112e-05
8.593750e-01	-5.539694e+01	1.154425e-05	-2.211528e-05
8.632812e-01	-5.516628e+01	1.217397e-05	-2.190875e-05
8.671875e-01	-5.481724e+01	1.319276e-05	-2.168494e-05
8.710938e-01	-5.468985e+01	1.358549e-05	-2.145446e-05
8.750000e-01	-5.463712e+01	1.375144e-05	-2.122117e-05
8.789062e-01	-5.496443e+01	1.275315e-05	-2.100482e-05
8.828125e-01	-5.527940e+01	1.186095e-05	-2.080360e-05
8.867188e-01	-5.561331e+01	1.098319e-05	-2.061728e-05
8.906250e-01	-5.597365e+01	1.010868e-05	-2.044579e-05
8.945312e-01	-5.630537e+01	9.365325e-06	-2.028691e-05
8.984375e-01	-5.645060e+01	9.057319e-06	-2.013325e-05
9.023438e-01	-5.646486e+01	9.027639e-06	-1.998010e-05
9.062500e-01	-5.635389e+01	9.261269e-06	-1.982299e-05
9.101562e-01	-5.614534e+01	9.716863e-06	-1.965814e-05
9.140625e-01	-5.589406e+01	1.029565e-05	-1.948348e-05
9.179688e-01	-5.577189e+01	1.058939e-05	-1.930383e-05
9.218750e-01	-5.582314e+01	1.046515e-05	-1.912630e-05
9.257812e-01	-5.590912e+01	1.026001e-05	-1.895224e-05
9.296875e-01	-5.612127e+01	9.770857e-06	-1.878648e-05
9.335938e-01	-5.632694e+01	9.318926e-06	-1.862839e-05
9.375000e-01	-5.663053e+01	8.689750e-06	-1.848097e-05
9.414062e-01	-5.689800e+01	8.170712e-06	-1.834235e-05
9.453125e-01	-5.706471e+01	7.863015e-06	-1.820896e-05
9.492188e-01	-5.711303e+01	7.776007e-06	-1.807704e-05
9.531250e-01	-5.707539e+01	7.843707e-06	-1.794398e-05
9.570312e-01	-5.694589e+01	8.081101e-06	-1.780688e-05
9.609375e-01	-5.669245e+01	8.566737e-06	-1.766155e-05
9.648438e-01	-5.659705e+01	8.756994e-06	-1.751299e-05
9.687500e-01	-5.664845e+01	8.653961e-06	-1.736618e-05
9.726562e-01	-5.674669e+01	8.460401e-06	-1.722265e-05
9.765625e-01	-5.685348e+01	8.254912e-06	-1.708261e-05
9.804688e-01	-5.702946e+01	7.927099e-06	-1.694813e-05
9.843750e-01	-5.724946e+01	7.535534e-06	-1.682029e-05
9.882812e-01	-5.745902e+01	7.180562e-06	-1.669847e-05
9.921875e-01	-5.761917e+01	6.920596e-06	-1.658107e-05
9.960938e-01	-5.770197e+01	6.789897e-06	-1.646588e-05
1.000000e+00	-5.769632e+01	6.798728e-06	-1.635054e-05
1.003906e+00	-5.760594e+01	6.941695e-06	-1.623278e-05
1.007812e+00	-5.750026e+01	7.112691e-06	-1.611211e-05
1.011719e+00	-5.741210e+01	7.258558e-06	-1.598897e-05
1.015625e+00	-5.739341e+01	7.289855e-06	-1.586530e-05
1.019531e+00	-5.737941e+01	7.313391e-06	-1.574123e-05
1.023438e+00	-5.741439e+01	7.254725e-06	-1.561816e-05
1.027344e+00	-5.754554e+01	7.038924e-06	-1.549875e-05
1.031250e+00	-5.772107e+01	6.760093e-06	-1.538406e-05
1.035156e+00	-5.792703e+01	6.446993e-06	-1.527469e-05
1.039062e+00	-5.806419e+01	6.246567e-06	-1.516872e-05
1.042969e+00	-5.814733e+01	6.128109e-06	-1.506476e-05
1.046875e+00	-5.819096e+01	6.066854e-06	-1.496184e-05
1.050781e+00	-5.816203e+01	6.107407e-06	-1.485823e-05
1.054688e+00	-5.808719e+01	6.213573e-06	-1.475282e-05
1.058594e+00	-5.800519e+01	6.332002e-06	-1.464540e-05
1.062500e+00	-5.795817e+01	6.400933e-06	-1.453681e-05
1.066406e+00	-5.790197e+01	6.484300e-06	-1.442680e-05
1.070312e+00	-5.794914e+01	6.414245e-06	-1.431799e-05
1.074219e+00	-5.797164e+01	6.381108e-06	-1.420973e-05
1.078125e+00	-5.816883e+01	6.097847e-06	-1.410629e-05
1.082031e+00	-5.830248e+01	5.913056e-06	-1.400597e-05
1.085938e+00	-5.848638e+01	5.667894e-06	-1.390982e-05
1.089844e+00	-5.859138e+01	5.532511e-06	-1.381596e-05
1.093750e+00	-5.865163e+01	5.456290e-06	-1.372340e-05
1.097656e+00	-5.864319e+01	5.466896e-06	-1.363065e-05
1.101562e+00	-5.860313e+01	5.517561e-06	-1.353705e-05
1.105469e+00	-5.852674e+01	5.615474e-06	-1.344179e-05
1.109375e+00	-5.846417e+01	5.696957e-06	-1.334514e-05
1.113281e+00	-5.836560e+01	5.827739e-06	-1.324627e-05
1.117188e+00	-5.836799e+01	5.824527e-06	-1.314746e-05
1.121094e+00	-5.838759e+01	5.798306e-06	-1.304910e-05
1.125000e+00	-5.850808e+01	5.639654e-06	-1.295342e-05
1.128906e+00	-5.866767e+01	5.436172e-06	-1.286120e-05
1.132812e+00	-5.879992e+01	5.273120e-06	-1.277174e-05
1.136719e+00	-5.893821e+01	5.107865e-06	-1.268509e-05
1.140625e+00	-5.900333e+01	5.031837e-06	-1.259972e-05
1.144531e+00	-5.903229e+01	4.998405e-06	-1.251493e-05
1.148438e+00	-5.899452e+01	5.042059e-06	-1.242939e-05
1.152344e+00	-5.895906e+01	5.083394e-06	-1.234315e-05
1.156250e+00	-5.890062e+01	5.152263e-06	-1.225575e-05
1.160156e+00	-5.883061e+01	5.235993e-06	-1.216692e-05
1.164062e+00	-5.878907e+01	5.286313e-06	-1.207724e-05
1.167969e+00	-5.874856e+01	5.335855e-06	-1.198672e-05
1.171875e+00	-5.883378e+01	5.232172e-06	-1.189796e-05
1.175781e+00	-5.903501e+01	4.995267e-06	-1.181321e-05
1.179688e+00	-5.914271e+01	4.872912e-06	-1.173055e-05
1.183594e+00	-5.926953e+01	4.732679e-06	-1.165026e-05
1.187500e+00	-5.936192e+01	4.633061e-06	-1.157166e-05
1.191406e+00	-5.940817e+01	4.583988e-06	-1.149389e-05
1.195312e+00	-5.940002e+01	4.592596e-06	-1.141598e-05
1.199219e+00	-5.935873e+01	4.636465e-06	-1.133733e-05
1.203125e+00	-5.929285e+01	4.707335e-06	-1.125747e-05
1.207031e+00	-5.922048e+01	4.786431e-06	-1.117627e-05
1.210938e+00	-5.921048e+01	4.797462e-06	-1.109488e-05
1.214844e+00	-5.919398e+01	4.815728e-06	-1.101318e-05
1.218750e+00	-5.924613e+01	4.758252e-06	-1.093246e-05
1.222656e+00	-5.934564e+01	4.650461e-06	-1.085357e-05
1.226562e+00	-5.940574e+01	4.586544e-06	-1.077576e-05
1.230469e+00	-5.953010e+01	4.457074e-06	-1.070014e-05
1.234375e+00	-5.962592e+01	4.359814e-06	-1.062618e-05
1.238281e+00	-5.969244e+01	4.293544e-06	-1.055334e-05
1.242188e+00	-5.970422e+01	4.281910e-06	-1.048070e-05
1.246094e+00	-5.968600e+01	4.299912e-06	-1.040776e-05
1.250000e+00	-5.962490e+01	4.360839e-06	-1.033378e-05
1.253906e+00	-5.957746e+01	4.408737e-06	-1.025898e-05
1.257812e+00	-5.951803e+01	4.469477e-06	-1.018316e-05
1.261719e+00	-5.952255e+01	4.464831e-06	-1.010742e-05
1.265625e+00	-5.951089e+01	4.476833e-06	-1.003147e-05
1.269531e+00	-5.957196e+01	4.414324e-06	-9.956580e-06
1.273438e+00	-5.964249e+01	4.343207e-06	-9.882899e-06
1.277344e+00	-5.979687e+01	4.191537e-06	-9.811791e-06
1.281250e+00	-5.990620e+01	4.087335e-06	-9.742450e-06
1.285156e+00	-5.997471e+01	4.023361e-06	-9.674196e-06
1.289062e+00	-6.002005e+01	3.981572e-06	-9.606650e-06
1.292969e+00	-6.001535e+01	3.985889e-06	-9.539030e-06
1.296875e+00	-5.997156e+01	4.026282e-06	-9.470726e-06
1.300781e+00	-5.994224e+01	4.053552e-06	-9.401959e-06
1.304688e+00	-5.987834e+01	4.113636e-06	-9.332172e-06
1.308594e+00	-5.984330e+01	4.146962e-06	-9.261820e-06
1.312500e+00	-5.985373e+01	4.137012e-06	-9.191637e-06
1.316406e+00	-5.986436e+01	4.126897e-06	-9.121626e-06
1.320312e+00	-5.993385e+01	4.061394e-06	-9.052726e-06
1.324219e+00	-6.000625e+01	3.994248e-06	-8.984965e-06
1.328125e+00	-6.010096e+01	3.908081e-06	-8.918666e-06
1.332031e+00	-6.017406e+01	3.842851e-06	-8.853473e-06
1.335938e+00	-6.024244e+01	3.782825e-06	-8.789299e-06
1.339844e+00	-6.025767e+01	3.769576e-06	-8.725349e-06
1.343750e+00	-6.024631e+01	3.779457e-06	-8.661232e-06
1.347656e+00	-6.018789e+01	3.830637e-06	-8.596247e-06
1.351562e+00	-6.014271e+01	3.870694e-06	-8.530582e-06
1.355469e+00	-6.010155e+01	3.907557e-06	-8.464291e-06
1.359375e+00	-6.011536e+01	3.895146e-06	-8.398211e-06
1.363281e+00	-6.011839e+01	3.892436e-06	-8.332178e-06
1.367188e+00	-6.014968e+01	3.864489e-06	-8.266618e-06
1.371094e+00	-6.023383e+01	3.790333e-06	-8.202316e-06
1.375000e+00	-6.029554e+01	3.736857e-06	-8.138922e-06
1.378906e+00	-6.039498e+01	3.652260e-06	-8.076962e-06
1.382812e+00	-6.047831e+01	3.582851e-06	-8.016181e-06
1.386719e+00	-6.051589e+01	3.551983e-06	-7.955922e-06
1.390625e+00	-6.051376e+01	3.553724e-06	-7.895635e-06
1.394531e+00	-6.046877e+01	3.590729e-06	-7.834719e-06
1.398438e+00	-6.042374e+01	3.628157e-06	-7.773169e-06
1.402344e+00	-6.037962e+01	3.665204e-06	-7.710990e-06
1.406250e+00	-6.033271e+01	3.705003e-06	-7.648136e-06
1.410156e+00	-6.031556e+01	3.719666e-06	-7.585033e-06
1.414062e+00	-6.034706e+01	3.692784e-06	-7.522386e-06
1.417969e+00	-6.036473e+01	3.677788e-06	-7.459994e-06
1.421875e+00	-6.048590e+01	3.576599e-06	-7.399318e-06
1.425781e+00	-6.055621e+01	3.519162e-06	-7.339617e-06
1.429688e+00	-6.064258e+01	3.449864e-06	-7.281091e-06
1.433594e+00	-6.069433e+01	3.409003e-06	-7.223259e-06
1.437500e+00	-6.071339e+01	3.394071e-06	-7.165679e-06
1.441406e+00	-6.069296e+01	3.410078e-06	-7.107829e-06
1.445312e+00	-6.066178e+01	3.434647e-06	-7.049561e-06
1.449219e+00	-6.058044e+01	3.499577e-06	-6.990192e-06
1.453125e+00	-6.056799e+01	3.509630e-06	-6.930652e-06
1.457031e+00	-6.053106e+01	3.539597e-06	-6.870604e-06
1.460938e+00	-6.052560e+01	3.544053e-06	-6.810481e-06
1.464844e+00	-6.059871e+01	3.484890e-06	-6.751361e-06
1.468750e+00	-6.062892e+01	3.460733e-06	-6.692651e-06
1.472656e+00	-6.074345e+01	3.370658e-06	-6.635469e-06
1.476562e+00	-6.081006e+01	3.319357e-06	-6.579157e-06
1.480469e+00	-6.088392e+01	3.263382e-06	-6.523795e-06
1.484375e+00	-6.091401e+01	3.240849e-06	-6.468815e-06
1.488281e+00	-6.091184e+01	3.242470e-06	-6.413808e-06
1.492188e+00	-6.087986e+01	3.266433e-06	-6.358394e-06
1.496094e+00	-6.082323e+01	3.309303e-06	-6.302253e-06
1.500000e+00	-6.076009e+01	3.357770e-06	-6.245289e-06
1.503906e+00	-6.073425e+01	3.377811e-06	-6.187986e-06
1.507812e+00	-6.069260e+01	3.410359e-06	-6.130130e-06
1.511719e+00	-6.075652e+01	3.360529e-06	-6.073120e-06
1.515625e+00	-6.078285e+01	3.340217e-06	-6.016455e-06
1.519531e+00	-6.082080e+01	3.311161e-06	-5.960282e-06
1.523438e+00	-6.093370e+01	3.226190e-06	-5.905551e-06
1.527344e+00	-6.100109e+01	3.176514e-06	-5.851662e-06
1.531250e+00	-6.105519e+01	3.137188e-06	-5.798441e-06
1.535156e+00	-6.106944e+01	3.126916e-06	-5.745394e-06
1.539062e+00	-6.105866e+01	3.134686e-06	-5.692215e-06
1.542969e+00	-6.100692e+01	3.172252e-06	-5.638399e-06
1.546875e+00	-6.095173e+01	3.212821e-06	-5.583895e-06
1.550781e+00	-6.094239e+01	3.219738e-06	-5.529273e-06
1.554688e+00	-6.091350e+01	3.241228e-06	-5.474287e-06
1.558594e+00	-6.089855e+01	3.252408e-06	-5.419111e-06
1.562500e+00	-6.095395e+01	3.211186e-06	-5.364634e-06
1.566406e+00	-6.098662e+01	3.187118e-06	-5.310566e-06
1.570312e+00	-6.107599e+01	3.122200e-06	-5.257599e-06
1.574219e+00	-6.113692e+01	3.078703e-06	-5.205370e-06
1.578125e+00	-6.119818e+01	3.035583e-06	-5.153872e-06
1.582031e+00	-6.122923e+01	3.013957e-06	-5.102742e-06
1.585938e+00	-6.123310e+01	3.011272e-06	-5.051656e-06
1.589844e+00	-6.119912e+01	3.034928e-06	-5.000170e-06
1.593750e+00	-6.116054e+01	3.062009e-06	-4.948224e-06
1.597656e+00	-6.109804e+01	3.106392e-06	-4.895525e-06
1.601562e+00	-6.106517e+01	3.129987e-06	-4.842426e-06
1.605469e+00	-6.101672e+01	3.165101e-06	-4.788731e-06
1.609375e+00	-6.108399e+01	3.116455e-06	-4.735862e-06
1.613281e+00	-6.111458e+01	3.094580e-06	-4.683363e-06
1.617188e+00	-6.115841e+01	3.063508e-06	-4.631392e-06
1.621094e+00	-6.122680e+01	3.015644e-06	-4.580233e-06
1.625000e+00	-6.128043e+01	2.978633e-06	-4.529701e-06
1.628906e+00	-6.134030e+01	2.937850e-06	-4.479862e-06
1.632812e+00	-6.135658e+01	2.926859e-06	-4.430209e-06
1.636719e+00	-6.134618e+01	2.933875e-06	-4.380437e-06
1.640625e+00	-6.129192e+01	2.970760e-06	-4.330039e-06
1.644531e+00	-6.126144e+01	2.991684e-06	-4.279286e-06
1.648438e+00	-6.120230e+01	3.032703e-06	-4.227837e-06
1.652344e+00	-6.118337e+01	3.045949e-06	-4.176164e-06
1.656250e+00	-6.117246e+01	3.053615e-06	-4.124360e-06
1.660156e+00	-6.116680e+01	3.057593e-06	-4.072489e-06
1.664062e+00	-6.124123e+01	3.005641e-06	-4.021500e-06
1.667969e+00	-6.127182e+01	2.984545e-06	-3.970868e-06
1.671875e+00	-6.137228e+01	2.916297e-06	-3.921394e-06
1.675781e+00	-6.143715e+01	2.873061e-06	-3.872654e-06
1.679688e+00	-6.146917e+01	2.851956e-06	-3.824271e-06
1.683594e+00	-6.147376e+01	2.848946e-06	-3.775940e-06
1.687500e+00	-6.144144e+01	2.870228e-06	-3.727248e-06
1.691406e+00	-6.139597e+01	2.900436e-06	-3.678043e-06
1.695312e+00	-6.134556e+01	2.934299e-06	-3.628263e-06
1.699219e+00	-6.130459e+01	2.962106e-06	-3.578012e-06
1.703125e+00	-6.127849e+01	2.979963e-06	-3.527458e-06
1.707031e+00	-6.128179e+01	2.977702e-06	-3.476943e-06
1.710938e+00	-6.131396e+01	2.955724e-06	-3.426800e-06
1.714844e+00	-6.138862e+01	2.905344e-06	-3.377512e-06
1.718750e+00	-6.144528e+01	2.867692e-06	-3.328863e-06
1.722656e+00	-6.150162e+01	2.830727e-06	-3.280840e-06
1.726562e+00	-6.155243e+01	2.797804e-06	-3.233377e-06
1.730469e+00	-6.156337e+01	2.790766e-06	-3.186032e-06
1.734375e+00	-6.155979e+01	2.793064e-06	-3.138649e-06
1.738281e+00	-6.150012e+01	2.831703e-06	-3.090610e-06
1.742188e+00	-6.145275e+01	2.862764e-06	-3.042044e-06
1.746094e+00	-6.141700e+01	2.886420e-06	-2.993077e-06
1.750000e+00	-6.138741e+01	2.906154e-06	-2.943776e-06
1.753906e+00	-6.138981e+01	2.904549e-06	-2.894501e-06
1.757812e+00	-6.140122e+01	2.896928e-06	-2.845356e-06
1.761719e+00	-6.143117e+01	2.877018e-06	-2.796548e-06
1.765625e+00	-6.148379e+01	2.842372e-06	-2.748328e-06
1.769531e+00	-6.155914e+01	2.793481e-06	-2.700938e-06
1.773438e+00	-6.160687e+01	2.762953e-06	-2.654065e-06
1.777344e+00	-6.164237e+01	2.740455e-06	-2.607575e-06
1.781250e+00	-6.164509e+01	2.738739e-06	-2.561113e-06
1.785156e+00	-6.162247e+01	2.753043e-06	-2.514409e-06
1.789062e+00	-6.157823e+01	2.781232e-06	-2.467226e-06
1.792969e+00	-6.151499e+01	2.822028e-06	-2.419351e-06
1.796875e+00	-6.147606e+01	2.847437e-06	-2.371046e-06
1.800781e+00	-6.144184e+01	2.869963e-06	-2.322358e-06
1.804688e+00	-6.147179e+01	2.850238e-06	-2.274005e-06
1.808594e+00	-6.147534e+01	2.847907e-06	-2.225691e-06
1.812500e+00	-6.150744e+01	2.826933e-06	-2.177733e-06
1.816406e+00	-6.159797e+01	2.768620e-06	-2.130764e-06
1.820312e+00	-6.164985e+01	2.735739e-06	-2.084354e-06
1.824219e+00	-6.169300e+01	2.708692e-06	-2.038402e-06
1.828125e+00	-6.170924e+01	2.698581e-06	-1.992621e-06
1.832031e+00	-6.169762e+01	2.705812e-06	-1.946718e-06
1.835938e+00	-6.166004e+01	2.729332e-06	-1.900416e-06
1.839844e+00	-6.163288e+01	2.746454e-06	-1.853824e-06
1.843750e+00	-6.156389e+01	2.790432e-06	-1.806485e-06
1.847656e+00	-6.151623e+01	2.821223e-06	-1.758624e-06
1.851562e+00	-6.151166e+01	2.824187e-06	-1.710713e-06
1.855469e+00	-6.151951e+01	2.819093e-06	-1.662888e-06
1.859375e+00	-6.154847e+01	2.800355e-06	-1.615381e-06
1.863281e+00	-6.162167e+01	2.753547e-06	-1.568668e-06
1.867188e+00	-6.166591e+01	2.725641e-06	-1.522428e-06
1.871094e+00	-6.171096e+01	2.697517e-06	-1.476666e-06
1.875000e+00	-6.174818e+01	2.674496e-06	-1.431294e-06
1.878906e+00	-6.175480e+01	2.670420e-06	-1.385992e-06
1.882812e+00	-6.173774e+01	2.680935e-06	-1.340511e-06
1.886719e+00	-6.168526e+01	2.713525e-06	-1.294477e-06
1.890625e+00	-6.166601e+01	2.725580e-06	-1.248238e-06
1.894531e+00	-6.156419e+01	2.790237e-06	-1.200903e-06
1.898438e+00	-6.158284e+01	2.778280e-06	-1.153770e-06
1.902344e+00	-6.153992e+01	2.805876e-06	-1.106170e-06
1.906250e+00	-6.155548e+01	2.795839e-06	-1.058739e-06
1.910156e+00	-6.162195e+01	2.753374e-06	-1.012029e-06
1.914062e+00	-6.162791e+01	2.749596e-06	-9.653835e-07
1.917969e+00	-6.172268e+01	2.690244e-06	-9.197446e-07
1.921875e+00	-6.177002e+01	2.661078e-06	-8.746004e-07
1.925781e+00	-6.178564e+01	2.651527e-06	-8.296182e-07
1.929688e+00	-6.177426e+01	2.658483e-06	-7.845181e-07
1.933594e+00	-6.175159e+01	2.672396e-06	-7.391819e-07
1.937500e+00	-6.169502e+01	2.707432e-06	-6.932513e-07
1.941406e+00	-6.162905e+01	2.748874e-06	-6.466177e-07
1.945312e+00	-6.159249e+01	2.772114e-06	-5.995899e-07
1.949219e+00	-6.158387e+01	2.777622e-06	-5.524686e-07
1.953125e+00	-6.158294e+01	2.778213e-06	-5.053372e-07
1.957031e+00	-6.159967e+01	2.767533e-06	-4.583871e-07
1.960938e+00	-6.161847e+01	2.755577e-06	-4.116398e-07
1.964844e+00	-6.168411e+01	2.714243e-06	-3.655936e-07
1.968750e+00	-6.175669e+01	2.669261e-06	-3.203107e-07
1.972656e+00	-6.179675e+01	2.644754e-06	-2.754434e-07
1.976562e+00	-6.180419e+01	2.640225e-06	-2.306530e-07
1.980469e+00	-6.177805e+01	2.656167e-06	-1.855921e-07
1.984375e+00	-6.173927e+01	2.679990e-06	-1.401271e-07
1.988281e+00	-6.168845e+01	2.711535e-06	-9.412695e-08
1.992188e+00	-6.161353e+01	2.758716e-06	-4.732639e-08
1.996094e+00	-6.156501e+01	2.789711e-06	-7.714620e-15

  
