-2.000000e+00	-3.098679e+01	3.186991e-03	-3.280512e+01
-1.996094e+00	-3.126193e+01	2.991349e-03	-2.993021e+01
-1.992188e+00	-3.167708e+01	2.718641e-03	-2.834650e+01
-1.988281e+00	-3.226609e+01	2.373836e-03	-2.731937e+01
-1.984375e+00	-3.243382e+01	2.283905e-03	-2.651802e+01
-1.980469e+00	-3.243570e+01	2.282914e-03	-2.584202e+01
-1.976562e+00	-3.304958e+01	1.981992e-03	-2.532994e+01
-1.972656e+00	-3.318579e+01	1.920796e-03	-2.488536e+01
-1.968750e+00	-3.400582e+01	1.590297e-03	-2.454887e+01
-1.964844e+00	-3.433235e+01	1.475111e-03	-2.425846e+01
-1.960938e+00	-3.448173e+01	1.425236e-03	-2.399520e+01
-1.957031e+00	-3.476469e+01	1.335336e-03	-2.376223e+01
-1.953125e+00	-3.502389e+01	1.257972e-03	-2.355363e+01
-1.949219e+00	-3.605905e+01	9.911845e-04	-2.339605e+01
-1.945312e+00	-3.675074e+01	8.452521e-04	-2.326604e+01
-1.941406e+00	-3.700911e+01	7.964326e-04	-2.314700e+01
-1.937500e+00	-3.755040e+01	7.031051e-04	-2.304456e+01
-1.933594e+00	-3.777901e+01	6.670508e-04	-2.294955e+01
-1.929688e+00	-3.825417e+01	5.979200e-04	-2.286613e+01
-1.925781e+00	-3.889838e+01	5.154923e-04	-2.279546e+01
-1.921875e+00	-3.937223e+01	4.622075e-04	-2.273307e+01
-1.917969e+00	-3.975237e+01	4.234707e-04	-2.267668e+01
-1.914062e+00	-4.006982e+01	3.936203e-04	-2.262491e+01
-1.910156e+00	-4.073169e+01	3.379799e-04	-2.258095e+01
-1.906250e+00	-4.090608e+01	3.246773e-04	-2.253913e+01
-1.902344e+00	-4.154067e+01	2.805389e-04	-2.250332e+01
-1.898438e+00	-4.196782e+01	2.542598e-04	-2.247112e+01
-1.894531e+00	-4.255306e+01	2.222049e-04	-2.244317e+01
-1.890625e+00	-4.379240e+01	1.670396e-04	-2.242228e+01
-1.886719e+00	-4.412306e+01	1.547938e-04	-2.240301e+01
-1.882812e+00	-4.452479e+01	1.411176e-04	-2.238552e+01
-1.878906e+00	-4.490937e+01	1.291585e-04	-2.236957e+01
-1.875000e+00	-4.583210e+01	1.044360e-04	-2.235671e+01
-1.871094e+00	-4.666422e+01	8.622592e-05	-2.234613e+01
-1.867188e+00	-4.732874e+01	7.399213e-05	-2.233706e+01
-1.863281e+00	-4.797450e+01	6.376913e-05	-2.232927e+01
-1.859375e+00	-4.817061e+01	6.095362e-05	-2.232183e+01
-1.855469e+00	-4.905315e+01	4.974453e-05	-2.231577e+01
-1.851562e+00	-4.976964e+01	4.217895e-05	-2.231064e+01
-1.847656e+00	-5.053085e+01	3.539767e-05	-2.230634e+01
-1.843750e+00	-5.125575e+01	2.995605e-05	-2.230270e+01
-1.839844e+00	-5.162341e+01	2.752450e-05	-2.229936e+01
-1.835938e+00	-5.258369e+01	2.206433e-05	-2.229668e+01
-1.832031e+00	-5.316907e+01	1.928203e-05	-2.229435e+01
-1.828125e+00	-5.391855e+01	1.622575e-05	-2.229238e+01
-1.824219e+00	-5.525274e+01	1.193399e-05	-2.229094e+01
-1.820312e+00	-5.603709e+01	9.962098e-06	-2.228973e+01
-1.816406e+00	-5.729103e+01	7.463745e-06	-2.228883e+01
-1.812500e+00	-5.808128e+01	6.222024e-06	-2.228807e+01
-1.808594e+00	-5.897006e+01	5.070532e-06	-2.228746e+01
-1.804688e+00	-6.045285e+01	3.603923e-06	-2.228703e+01
-1.800781e+00	-6.170193e+01	2.703130e-06	-2.228670e+01
-1.796875e+00	-6.291240e+01	2.045596e-06	-2.228645e+01
-1.792969e+00	-6.394359e+01	1.613246e-06	-2.228626e+01
-1.789062e+00	-6.517045e+01	1.216228e-06	-2.228611e+01
-1.785156e+00	-6.652806e+01	8.897215e-07	-2.228600e+01
-1.781250e+00	-6.769162e+01	6.806096e-07	-2.228592e+01
-1.777344e+00	-6.872782e+01	5.361399e-07	-2.228585e+01
-1.773438e+00	-6.954674e+01	4.440029e-07	-2.228580e+01
-1.769531e+00	-7.036266e+01	3.679548e-07	-2.228576e+01
-1.765625e+00	-7.089206e+01	3.257272e-07	-2.228572e+01
-1.761719e+00	-7.136030e+01	2.924352e-07	-2.228568e+01
-1.757812e+00	-7.166165e+01	2.728315e-07	-2.228565e+01
-1.753906e+00	-7.189118e+01	2.587868e-07	-2.228562e+01
-1.750000e+00	-7.205529e+01	2.491901e-07	-2.228559e+01
-1.746094e+00	-7.215488e+01	2.435409e-07	-2.228556e+01
-1.742188e+00	-7.221293e+01	2.403073e-07	-2.228553e+01
-1.738281e+00	-7.228717e+01	2.362341e-07	-2.228550e+01
-1.734375e+00	-7.233983e+01	2.333872e-07	-2.228547e+01
-1.730469e+00	-7.241534e+01	2.293644e-07	-2.228544e+01
-1.726562e+00	-7.243688e+01	2.282298e-07	-2.228542e+01
-1.722656e+00	-7.250029e+01	2.249217e-07	-2.228539e+01
-1.718750e+00	-7.254193e+01	2.227755e-07	-2.228536e+01
-1.714844e+00	-7.259688e+01	2.199743e-07	-2.228534e+01
-1.710938e+00	-7.260852e+01	2.193854e-07	-2.228531e+01
-1.707031e+00	-7.268068e+01	2.157706e-07	-2.228528e+01
-1.703125e+00	-7.270379e+01	2.146255e-07	-2.228526e+01
-1.699219e+00	-7.272351e+01	2.136529e-07	-2.228523e+01
-1.695312e+00	-7.278793e+01	2.105072e-07	-2.228521e+01
-1.691406e+00	-7.286873e+01	2.066268e-07	-2.228518e+01
-1.687500e+00	-7.287641e+01	2.062618e-07	-2.228516e+01
-1.683594e+00	-7.294226e+01	2.031579e-07	-2.228513e+01
-1.679688e+00	-7.293739e+01	2.033862e-07	-2.228511e+01
-1.675781e+00	-7.299899e+01	2.005215e-07	-2.228508e+01
-1.671875e+00	-7.297705e+01	2.015371e-07	-2.228506e+01
-1.667969e+00	-7.299163e+01	2.008618e-07	-2.228503e+01
-1.664062e+00	-7.307859e+01	1.968799e-07	-2.228501e+01
-1.660156e+00	-7.316662e+01	1.929293e-07	-2.228499e+01
-1.656250e+00	-7.321263e+01	1.908962e-07	-2.228496e+01
-1.652344e+00	-7.321407e+01	1.908326e-07	-2.228494e+01
-1.648438e+00	-7.323301e+01	1.900026e-07	-2.228492e+01
-1.644531e+00	-7.329952e+01	1.871149e-07	-2.228489e+01
-1.640625e+00	-7.330979e+01	1.866729e-07	-2.228487e+01
-1.636719e+00	-7.335452e+01	1.847600e-07	-2.228485e+01
-1.632812e+00	-7.341597e+01	1.821641e-07	-2.228483e+01
-1.628906e+00	-7.340376e+01	1.826769e-07	-2.228481e+01
-1.625000e+00	-7.343269e+01	1.814641e-07	-2.228478e+01
-1.621094e+00	-7.344788e+01	1.808304e-07	-2.228476e+01
-1.617188e+00	-7.349428e+01	1.789091e-07	-2.228474e+01
-1.613281e+00	-7.354038e+01	1.770200e-07	-2.228472e+01
-1.609375e+00	-7.361073e+01	1.741756e-07	-2.228470e+01
-1.605469e+00	-7.368342e+01	1.712844e-07	-2.228468e+01
-1.601562e+00	-7.364427e+01	1.728354e-07	-2.228466e+01
-1.597656e+00	-7.370159e+01	1.705694e-07	-2.228464e+01
-1.593750e+00	-7.378035e+01	1.675039e-07	-2.228462e+01
-1.589844e+00	-7.375172e+01	1.686117e-07	-2.228459e+01
-1.585938e+00	-7.372450e+01	1.696717e-07	-2.228457e+01
-1.582031e+00	-7.379641e+01	1.668855e-07	-2.228455e+01
-1.578125e+00	-7.379131e+01	1.670817e-07	-2.228453e+01
-1.574219e+00	-7.380603e+01	1.665165e-07	-2.228451e+01
-1.570312e+00	-7.388471e+01	1.635267e-07	-2.228449e+01
-1.566406e+00	-7.393328e+01	1.617082e-07	-2.228447e+01
-1.562500e+00	-7.394947e+01	1.611066e-07	-2.228446e+01
-1.558594e+00	-7.397028e+01	1.603363e-07	-2.228444e+01
-1.554688e+00	-7.401156e+01	1.588194e-07	-2.228442e+01
-1.550781e+00	-7.404417e+01	1.576314e-07	-2.228440e+01
-1.546875e+00	-7.402121e+01	1.584669e-07	-2.228438e+01
-1.542969e+00	-7.403486e+01	1.579698e-07	-2.228436e+01
-1.539062e+00	-7.410543e+01	1.554237e-07	-2.228434e+01
-1.535156e+00	-7.414756e+01	1.539233e-07	-2.228432e+01
-1.531250e+00	-7.416636e+01	1.532582e-07	-2.228430e+01
-1.527344e+00	-7.418849e+01	1.524792e-07	-2.228428e+01
-1.523438e+00	-7.418124e+01	1.527342e-07	-2.228427e+01
-1.519531e+00	-7.421601e+01	1.515161e-07	-2.228425e+01
-1.515625e+00	-7.427454e+01	1.494878e-07	-2.228423e+01
-1.511719e+00	-7.426856e+01	1.496938e-07	-2.228421e+01
-1.507812e+00	-7.424531e+01	1.504976e-07	-2.228419e+01
-1.503906e+00	-7.418629e+01	1.525567e-07	-2.228418e+01
-1.500000e+00	-7.403014e+01	1.581415e-07	-2.228416e+01
-1.496094e+00	-7.424536e+01	1.504955e-07	-2.228414e+01
-1.492188e+00	-7.433882e+01	1.472915e-07	-2.228412e+01
-1.488281e+00	-7.439080e+01	1.455393e-07	-2.228410e+01
-1.484375e+00	-7.440848e+01	1.449478e-07	-2.228409e+01
-1.480469e+00	-7.443061e+01	1.442112e-07	-2.228407e+01
-1.476562e+00	-7.446126e+01	1.431971e-07	-2.228405e+01
-1.472656e+00	-7.451114e+01	1.415617e-07	-2.228403e+01
-1.468750e+00	-7.448786e+01	1.423228e-07	-2.228402e+01
-1.464844e+00	-7.442869e+01	1.442748e-07	-2.228400e+01
-1.460938e+00	-7.443399e+01	1.440991e-07	-2.228398e+01
-1.457031e+00	-7.453690e+01	1.407246e-07	-2.228396e+01
-1.453125e+00	-7.460213e+01	1.386267e-07	-2.228395e+01
-1.449219e+00	-7.460425e+01	1.385591e-07	-2.228393e+01
-1.445312e+00	-7.462864e+01	1.377830e-07	-2.228391e+01
-1.441406e+00	-7.463808e+01	1.374840e-07	-2.228390e+01
-1.437500e+00	-7.464604e+01	1.372321e-07	-2.228388e+01
-1.433594e+00	-7.463038e+01	1.377279e-07	-2.228386e+01
-1.429688e+00	-7.470541e+01	1.353690e-07	-2.228385e+01
-1.425781e+00	-7.468326e+01	1.360612e-07	-2.228383e+01
-1.421875e+00	-7.472115e+01	1.348792e-07	-2.228382e+01
-1.417969e+00	-7.469105e+01	1.358172e-07	-2.228380e+01
-1.414062e+00	-7.465543e+01	1.369357e-07	-2.228378e+01
-1.410156e+00	-7.473386e+01	1.344851e-07	-2.228377e+01
-1.406250e+00	-7.479508e+01	1.326027e-07	-2.228375e+01
-1.402344e+00	-7.478646e+01	1.328660e-07	-2.228373e+01
-1.398438e+00	-7.487552e+01	1.301692e-07	-2.228372e+01
-1.394531e+00	-7.487392e+01	1.302171e-07	-2.228370e+01
-1.390625e+00	-7.488453e+01	1.298993e-07	-2.228369e+01
-1.386719e+00	-7.489690e+01	1.295298e-07	-2.228367e+01
-1.382812e+00	-7.496011e+01	1.276583e-07	-2.228366e+01
-1.378906e+00	-7.490130e+01	1.293987e-07	-2.228364e+01
-1.375000e+00	-7.490020e+01	1.294316e-07	-2.228362e+01
-1.371094e+00	-7.492332e+01	1.287444e-07	-2.228361e+01
-1.367188e+00	-7.491112e+01	1.291063e-07	-2.228359e+01
-1.363281e+00	-7.501169e+01	1.261510e-07	-2.228358e+01
-1.359375e+00	-7.499188e+01	1.267279e-07	-2.228356e+01
-1.355469e+00	-7.497708e+01	1.271604e-07	-2.228355e+01
-1.351562e+00	-7.502095e+01	1.258824e-07	-2.228353e+01
-1.347656e+00	-7.502448e+01	1.257800e-07	-2.228352e+01
-1.343750e+00	-7.505797e+01	1.248140e-07	-2.228350e+01
-1.339844e+00	-7.507324e+01	1.243758e-07	-2.228349e+01
-1.335938e+00	-7.502919e+01	1.256437e-07	-2.228347e+01
-1.332031e+00	-7.501722e+01	1.259905e-07	-2.228346e+01
-1.328125e+00	-7.508103e+01	1.241529e-07	-2.228344e+01
-1.324219e+00	-7.511418e+01	1.232088e-07	-2.228343e+01
-1.320312e+00	-7.514922e+01	1.222188e-07	-2.228341e+01
-1.316406e+00	-7.514353e+01	1.223789e-07	-2.228340e+01
-1.312500e+00	-7.511261e+01	1.232535e-07	-2.228338e+01
-1.308594e+00	-7.517999e+01	1.213559e-07	-2.228337e+01
-1.304688e+00	-7.516290e+01	1.218343e-07	-2.228335e+01
-1.300781e+00	-7.518098e+01	1.213284e-07	-2.228334e+01
-1.296875e+00	-7.517540e+01	1.214842e-07	-2.228332e+01
-1.292969e+00	-7.515295e+01	1.221139e-07	-2.228331e+01
-1.289062e+00	-7.520926e+01	1.205408e-07	-2.228329e+01
-1.285156e+00	-7.525696e+01	1.192241e-07	-2.228328e+01
-1.281250e+00	-7.526897e+01	1.188949e-07	-2.228326e+01
-1.277344e+00	-7.531049e+01	1.177635e-07	-2.228325e+01
-1.273438e+00	-7.528894e+01	1.183495e-07	-2.228324e+01
-1.269531e+00	-7.527339e+01	1.187740e-07	-2.228322e+01
-1.265625e+00	-7.529170e+01	1.182741e-07	-2.228321e+01
-1.261719e+00	-7.531254e+01	1.177080e-07	-2.228319e+01
-1.257812e+00	-7.534041e+01	1.169549e-07	-2.228318e+01
-1.253906e+00	-7.534682e+01	1.167824e-07	-2.228317e+01
-1.250000e+00	-7.538377e+01	1.157931e-07	-2.228315e+01
-1.246094e+00	-7.528444e+01	1.184722e-07	-2.228314e+01
-1.242188e+00	-7.529185e+01	1.182702e-07	-2.228312e+01
-1.238281e+00	-7.529532e+01	1.181756e-07	-2.228311e+01
-1.234375e+00	-7.530546e+01	1.178999e-07	-2.228309e+01
-1.230469e+00	-7.538641e+01	1.157228e-07	-2.228308e+01
-1.226562e+00	-7.540896e+01	1.151235e-07	-2.228307e+01
-1.222656e+00	-7.540397e+01	1.152560e-07	-2.228305e+01
-1.218750e+00	-7.547633e+01	1.133514e-07	-2.228304e+01
-1.214844e+00	-7.541701e+01	1.149103e-07	-2.228302e+01
-1.210938e+00	-7.541914e+01	1.148541e-07	-2.228301e+01
-1.207031e+00	-7.540732e+01	1.151670e-07	-2.228300e+01
-1.203125e+00	-7.546195e+01	1.137275e-07	-2.228298e+01
-1.199219e+00	-7.547547e+01	1.133740e-07	-2.228297e+01
-1.195312e+00	-7.548658e+01	1.130842e-07	-2.228296e+01
-1.191406e+00	-7.540418e+01	1.152502e-07	-2.228294e+01
-1.187500e+00	-7.546581e+01	1.136264e-07	-2.228293e+01
-1.183594e+00	-7.553698e+01	1.117794e-07	-2.228291e+01
-1.179688e+00	-7.543027e+01	1.145601e-07	-2.228290e+01
-1.175781e+00	-7.550455e+01	1.126172e-07	-2.228289e+01
-1.171875e+00	-7.538186e+01	1.158440e-07	-2.228287e+01
-1.167969e+00	-7.543536e+01	1.144257e-07	-2.228286e+01
-1.164062e+00	-7.553349e+01	1.118692e-07	-2.228285e+01
-1.160156e+00	-7.547014e+01	1.135132e-07	-2.228283e+01
-1.156250e+00	-7.555333e+01	1.113593e-07	-2.228282e+01
-1.152344e+00	-7.561216e+01	1.098612e-07	-2.228281e+01
-1.148438e+00	-7.554604e+01	1.115466e-07	-2.228279e+01
-1.144531e+00	-7.559200e+01	1.103723e-07	-2.228278e+01
-1.140625e+00	-7.559922e+01	1.101889e-07	-2.228277e+01
-1.136719e+00	-7.566071e+01	1.086399e-07	-2.228275e+01
-1.132812e+00	-7.569020e+01	1.079045e-07	-2.228274e+01
-1.128906e+00	-7.570765e+01	1.074719e-07	-2.228273e+01
-1.125000e+00	-7.570718e+01	1.074835e-07	-2.228271e+01
-1.121094e+00	-7.567997e+01	1.081590e-07	-2.228270e+01
-1.117188e+00	-7.571524e+01	1.072843e-07	-2.228269e+01
-1.113281e+00	-7.576709e+01	1.060111e-07	-2.228267e+01
-1.109375e+00	-7.581892e+01	1.047533e-07	-2.228266e+01
-1.105469e+00	-7.571646e+01	1.072542e-07	-2.228265e+01
-1.101562e+00	-7.577113e+01	1.059124e-07	-2.228264e+01
-1.097656e+00	-7.576043e+01	1.061736e-07	-2.228262e+01
-1.093750e+00	-7.573667e+01	1.067561e-07	-2.228261e+01
-1.089844e+00	-7.585188e+01	1.039613e-07	-2.228260e+01
-1.085938e+00	-7.582710e+01	1.045563e-07	-2.228259e+01
-1.082031e+00	-7.584630e+01	1.040949e-07	-2.228257e+01
-1.078125e+00	-7.585992e+01	1.037691e-07	-2.228256e+01
-1.074219e+00	-7.591304e+01	1.025075e-07	-2.228255e+01
-1.070312e+00	-7.585649e+01	1.038512e-07	-2.228254e+01
-1.066406e+00	-7.590215e+01	1.027650e-07	-2.228252e+01
-1.062500e+00	-7.596611e+01	1.012625e-07	-2.228251e+01
-1.058594e+00	-7.586718e+01	1.035957e-07	-2.228250e+01
-1.054688e+00	-7.594930e+01	1.016552e-07	-2.228249e+01
-1.050781e+00	-7.593758e+01	1.019300e-07	-2.228247e+01
-1.046875e+00	-7.587633e+01	1.033776e-07	-2.228246e+01
-1.042969e+00	-7.591067e+01	1.025637e-07	-2.228245e+01
-1.039062e+00	-7.593056e+01	1.020948e-07	-2.228244e+01
-1.035156e+00	-7.595382e+01	1.015497e-07	-2.228242e+01
-1.031250e+00	-7.599835e+01	1.005136e-07	-2.228241e+01
-1.027344e+00	-7.591986e+01	1.023466e-07	-2.228240e+01
-1.023438e+00	-7.597960e+01	1.009485e-07	-2.228239e+01
-1.019531e+00	-7.596916e+01	1.011914e-07	-2.228237e+01
-1.015625e+00	-7.602299e+01	9.994489e-08	-2.228236e+01
-1.011719e+00	-7.605712e+01	9.916270e-08	-2.228235e+01
-1.007812e+00	-7.607108e+01	9.884433e-08	-2.228234e+01
-1.003906e+00	-7.602058e+01	1.000004e-07	-2.228233e+01
-1.000000e+00	-7.586312e+01	1.036927e-07	-2.228231e+01
-9.960938e-01	-7.601722e+01	1.000779e-07	-2.228230e+01
-9.921875e-01	-7.606162e+01	9.905989e-08	-2.228229e+01
-9.882812e-01	-7.613191e+01	9.746959e-08	-2.228228e+01
-9.843750e-01	-7.618245e+01	9.634186e-08	-2.228227e+01
-9.804688e-01	-7.619166e+01	9.613775e-08	-2.228226e+01
-9.765625e-01	-7.616880e+01	9.664507e-08	-2.228224e+01
-9.726562e-01	-7.619298e+01	9.610844e-08	-2.228223e+01
-9.687500e-01	-7.616258e+01	9.678363e-08	-2.228222e+01
-9.648438e-01	-7.623050e+01	9.528179e-08	-2.228221e+01
-9.609375e-01	-7.622471e+01	9.540893e-08	-2.228220e+01
-9.570312e-01	-7.617528e+01	9.650108e-08	-2.228219e+01
-9.531250e-01	-7.626881e+01	9.444494e-08	-2.228217e+01
-9.492188e-01	-7.624516e+01	9.496063e-08	-2.228216e+01
-9.453125e-01	-7.626553e+01	9.451644e-08	-2.228215e+01
-9.414062e-01	-7.627684e+01	9.427064e-08	-2.228214e+01
-9.375000e-01	-7.628440e+01	9.410668e-08	-2.228213e+01
-9.335938e-01	-7.632439e+01	9.324396e-08	-2.228212e+01
-9.296875e-01	-7.628427e+01	9.410942e-08	-2.228211e+01
-9.257812e-01	-7.631676e+01	9.340804e-08	-2.228209e+01
-9.218750e-01	-7.632211e+01	9.329302e-08	-2.228208e+01
-9.179688e-01	-7.628362e+01	9.412341e-08	-2.228207e+01
-9.140625e-01	-7.633528e+01	9.301060e-08	-2.228206e+01
-9.101562e-01	-7.634816e+01	9.273515e-08	-2.228205e+01
-9.062500e-01	-7.637075e+01	9.225405e-08	-2.228204e+01
-9.023438e-01	-7.642348e+01	9.114072e-08	-2.228203e+01
-8.984375e-01	-7.638919e+01	9.186309e-08	-2.228202e+01
-8.945312e-01	-7.637320e+01	9.220193e-08	-2.228201e+01
-8.906250e-01	-7.640031e+01	9.162806e-08	-2.228199e+01
-8.867188e-01	-7.643220e+01	9.095774e-08	-2.228198e+01
-8.828125e-01	-7.640854e+01	9.145468e-08	-2.228197e+01
-8.789062e-01	-7.640582e+01	9.151204e-08	-2.228196e+01
-8.750000e-01	-7.644514e+01	9.068726e-08	-2.228195e+01
-8.710938e-01	-7.644652e+01	9.065838e-08	-2.228194e+01
-8.671875e-01	-7.648009e+01	8.996032e-08	-2.228193e+01
-8.632812e-01	-7.645932e+01	9.039148e-08	-2.228192e+01
-8.593750e-01	-7.644161e+01	9.076087e-08	-2.228191e+01
-8.554688e-01	-7.649546e+01	8.964253e-08	-2.228190e+01
-8.515625e-01	-7.646174e+01	9.034120e-08	-2.228188e+01
-8.476562e-01	-7.649322e+01	8.968866e-08	-2.228187e+01
-8.437500e-01	-7.648455e+01	8.986806e-08	-2.228186e+01
-8.398438e-01	-7.648117e+01	8.993788e-08	-2.228185e+01
-8.359375e-01	-7.653061e+01	8.891994e-08	-2.228184e+01
-8.320312e-01	-7.647755e+01	9.001294e-08	-2.228183e+01
-8.281250e-01	-7.649295e+01	8.969431e-08	-2.228182e+01
-8.242188e-01	-7.653688e+01	8.879170e-08	-2.228181e+01
-8.203125e-01	-7.656211e+01	8.827720e-08	-2.228180e+01
-8.164062e-01	-7.653538e+01	8.882223e-08	-2.228179e+01
-8.125000e-01	-7.659131e+01	8.768583e-08	-2.228178e+01
-8.085938e-01	-7.653044e+01	8.892344e-08	-2.228177e+01
-8.046875e-01	-7.657978e+01	8.791876e-08	-2.228176e+01
-8.007812e-01	-7.654257e+01	8.867544e-08	-2.228174e+01
-7.968750e-01	-7.655334e+01	8.845569e-08	-2.228173e+01
-7.929688e-01	-7.659087e+01	8.769453e-08	-2.228172e+01
-7.890625e-01	-7.656621e+01	8.819403e-08	-2.228171e+01
-7.851562e-01	-7.660384e+01	8.743320e-08	-2.228170e+01
-7.812500e-01	-7.657236e+01	8.806916e-08	-2.228169e+01
-7.773438e-01	-7.654603e+01	8.860465e-08	-2.228168e+01
-7.734375e-01	-7.656827e+01	8.815213e-08	-2.228167e+01
-7.695312e-01	-7.654294e+01	8.866771e-08	-2.228166e+01
-7.656250e-01	-7.659487e+01	8.761390e-08	-2.228165e+01
-7.617188e-01	-7.654585e+01	8.860850e-08	-2.228164e+01
-7.578125e-01	-7.658362e+01	8.784120e-08	-2.228163e+01
-7.539062e-01	-7.655201e+01	8.848286e-08	-2.228162e+01
-7.500000e-01	-7.659316e+01	8.764833e-08	-2.228161e+01
-7.460938e-01	-7.653747e+01	8.877963e-08	-2.228160e+01
-7.421875e-01	-7.655649e+01	8.839154e-08	-2.228158e+01
-7.382812e-01	-7.649886e+01	8.957227e-08	-2.228157e+01
-7.343750e-01	-7.638832e+01	9.188152e-08	-2.228156e+01
-7.304688e-01	-7.633556e+01	9.300448e-08	-2.228155e+01
-7.265625e-01	-7.618198e+01	9.635224e-08	-2.228154e+01
-7.226562e-01	-7.596686e+01	1.012450e-07	-2.228153e+01
-7.187500e-01	-7.570018e+01	1.076570e-07	-2.228151e+01
-7.148438e-01	-7.567679e+01	1.082383e-07	-2.228150e+01
-7.109375e-01	-7.543741e+01	1.143717e-07	-2.228149e+01
-7.070312e-01	-7.508304e+01	1.240954e-07	-2.228147e+01
-7.031250e-01	-7.480303e+01	1.323601e-07	-2.228146e+01
-6.992188e-01	-7.439138e+01	1.455197e-07	-2.228144e+01
-6.953125e-01	-7.404256e+01	1.576898e-07	-2.228142e+01
-6.914062e-01	-7.385909e+01	1.644944e-07	-2.228140e+01
-6.875000e-01	-7.359620e+01	1.747592e-07	-2.228138e+01
-6.835938e-01	-7.322106e+01	1.905260e-07	-2.228136e+01
-6.796875e-01	-7.294345e+01	2.031024e-07	-2.228133e+01
-6.757812e-01	-7.251729e+01	2.240428e-07	-2.228130e+01
-6.718750e-01	-7.213648e+01	2.445752e-07	-2.228128e+01
-6.679688e-01	-7.167855e+01	2.717720e-07	-2.228124e+01
-6.640625e-01	-7.101488e+01	3.166444e-07	-2.228120e+01
-6.601562e-01	-7.075753e+01	3.359753e-07	-2.228116e+01
-6.562500e-01	-7.060476e+01	3.480037e-07	-2.228112e+01
-6.523438e-01	-7.015751e+01	3.857523e-07	-2.228107e+01
-6.484375e-01	-7.002656e+01	3.975612e-07	-2.228103e+01
-6.445312e-01	-7.002143e+01	3.980312e-07	-2.228098e+01
-6.406250e-01	-6.984064e+01	4.149503e-07	-2.228093e+01
-6.367188e-01	-6.968231e+01	4.303570e-07	-2.228088e+01
-6.328125e-01	-6.966509e+01	4.320668e-07	-2.228082e+01
-6.289062e-01	-6.941013e+01	4.581919e-07	-2.228077e+01
-6.250000e-01	-6.907915e+01	4.944752e-07	-2.228071e+01
-6.210938e-01	-6.873756e+01	5.349393e-07	-2.228064e+01
-6.171875e-01	-6.819536e+01	6.060713e-07	-2.228057e+01
-6.132812e-01	-6.785248e+01	6.558619e-07	-2.228049e+01
-6.093750e-01	-6.782718e+01	6.596934e-07	-2.228041e+01
-6.054688e-01	-6.789396e+01	6.496275e-07	-2.228033e+01
-6.015625e-01	-6.783866e+01	6.579520e-07	-2.228025e+01
-5.976562e-01	-6.711811e+01	7.766916e-07	-2.228016e+01
-5.937500e-01	-6.709213e+01	7.813531e-07	-2.228007e+01
-5.898438e-01	-6.708059e+01	7.834317e-07	-2.227997e+01
-5.859375e-01	-6.667969e+01	8.591943e-07	-2.227987e+01
-5.820312e-01	-6.666392e+01	8.623193e-07	-2.227976e+01
-5.781250e-01	-6.609750e+01	9.824495e-07	-2.227965e+01
-5.742188e-01	-6.605986e+01	9.910019e-07	-2.227953e+01
-5.703125e-01	-6.601838e+01	1.000512e-06	-2.227941e+01
-5.664062e-01	-6.605199e+01	9.927981e-07	-2.227929e+01
-5.625000e-01	-6.591120e+01	1.025510e-06	-2.227916e+01
-5.585938e-01	-6.579181e+01	1.054094e-06	-2.227903e+01
-5.546875e-01	-6.578733e+01	1.055181e-06	-2.227891e+01
-5.507812e-01	-6.542894e+01	1.145951e-06	-2.227877e+01
-5.468750e-01	-6.542470e+01	1.147070e-06	-2.227863e+01
-5.429688e-01	-6.514470e+01	1.223460e-06	-2.227848e+01
-5.390625e-01	-6.484921e+01	1.309601e-06	-2.227832e+01
-5.351562e-01	-6.487442e+01	1.302021e-06	-2.227817e+01
-5.312500e-01	-6.453467e+01	1.407968e-06	-2.227800e+01
-5.273438e-01	-6.470521e+01	1.353751e-06	-2.227783e+01
-5.234375e-01	-6.431722e+01	1.480260e-06	-2.227766e+01
-5.195312e-01	-6.424290e+01	1.505811e-06	-2.227747e+01
-5.156250e-01	-6.456670e+01	1.397623e-06	-2.227730e+01
-5.117188e-01	-6.440463e+01	1.450766e-06	-2.227713e+01
-5.078125e-01	-6.437823e+01	1.459610e-06	-2.227695e+01
-5.039062e-01	-6.406618e+01	1.568346e-06	-2.227676e+01
-5.000000e-01	-6.351080e+01	1.782296e-06	-2.227655e+01
-4.960938e-01	-6.329496e+01	1.873113e-06	-2.227632e+01
-4.921875e-01	-6.322826e+01	1.902104e-06	-2.227609e+01
-4.882812e-01	-6.308631e+01	1.965300e-06	-2.227586e+01
-4.843750e-01	-6.318936e+01	1.919218e-06	-2.227563e+01
-4.804688e-01	-6.334226e+01	1.852822e-06	-2.227540e+01
-4.765625e-01	-6.296226e+01	2.022246e-06	-2.227516e+01
-4.726562e-01	-6.262820e+01	2.183935e-06	-2.227489e+01
-4.687500e-01	-6.279672e+01	2.100817e-06	-2.227464e+01
-4.648438e-01	-6.247913e+01	2.260200e-06	-2.227437e+01
-4.609375e-01	-6.282125e+01	2.088982e-06	-2.227412e+01
-4.570312e-01	-6.259553e+01	2.200427e-06	-2.227385e+01
-4.531250e-01	-6.233116e+01	2.338537e-06	-2.227357e+01
-4.492188e-01	-6.225277e+01	2.381129e-06	-2.227328e+01
-4.453125e-01	-6.209239e+01	2.470705e-06	-2.227298e+01
-4.414062e-01	-6.264883e+01	2.173586e-06	-2.227272e+01
-4.375000e-01	-6.278021e+01	2.108817e-06	-2.227247e+01
-4.335938e-01	-6.257505e+01	2.210827e-06	-2.227220e+01
-4.296875e-01	-6.260481e+01	2.195730e-06	-2.227194e+01
-4.257812e-01	-6.224824e+01	2.383615e-06	-2.227165e+01
-4.218750e-01	-6.227967e+01	2.366425e-06	-2.227136e+01
-4.179688e-01	-6.238104e+01	2.311830e-06	-2.227109e+01
-4.140625e-01	-6.232098e+01	2.344021e-06	-2.227080e+01
-4.101562e-01	-6.218143e+01	2.420565e-06	-2.227051e+01
-4.062500e-01	-6.191770e+01	2.572110e-06	-2.227020e+01
-4.023438e-01	-6.200670e+01	2.519941e-06	-2.226990e+01
-3.984375e-01	-6.153256e+01	2.810635e-06	-2.226956e+01
-3.945312e-01	-6.168854e+01	2.711480e-06	-2.226923e+01
-3.906250e-01	-6.135533e+01	2.927701e-06	-2.226888e+01
-3.867188e-01	-6.153790e+01	2.807179e-06	-2.226854e+01
-3.828125e-01	-6.211009e+01	2.460654e-06	-2.226825e+01
-3.789062e-01	-6.173252e+01	2.684159e-06	-2.226792e+01
-3.750000e-01	-6.149214e+01	2.836915e-06	-2.226758e+01
-3.710938e-01	-6.127291e+01	2.983798e-06	-2.226722e+01
-3.671875e-01	-6.152518e+01	2.815413e-06	-2.226688e+01
-3.632812e-01	-6.157805e+01	2.781349e-06	-2.226655e+01
-3.593750e-01	-6.161733e+01	2.756305e-06	-2.226622e+01
-3.554688e-01	-6.146102e+01	2.857314e-06	-2.226587e+01
-3.515625e-01	-6.099339e+01	3.182151e-06	-2.226549e+01
-3.476562e-01	-6.116708e+01	3.057400e-06	-2.226512e+01
-3.437500e-01	-6.101790e+01	3.164245e-06	-2.226474e+01
-3.398438e-01	-6.103614e+01	3.150985e-06	-2.226436e+01
-3.359375e-01	-6.089452e+01	3.255430e-06	-2.226397e+01
-3.320312e-01	-6.053245e+01	3.538464e-06	-2.226354e+01
-3.281250e-01	-6.065744e+01	3.438081e-06	-2.226313e+01
-3.242188e-01	-6.022149e+01	3.801112e-06	-2.226267e+01
-3.203125e-01	-6.023534e+01	3.789012e-06	-2.226222e+01
-3.164062e-01	-6.059646e+01	3.486692e-06	-2.226180e+01
-3.125000e-01	-6.055259e+01	3.522093e-06	-2.226138e+01
-3.085938e-01	-6.085512e+01	3.285098e-06	-2.226098e+01
-3.046875e-01	-6.049744e+01	3.567103e-06	-2.226055e+01
-3.007812e-01	-6.043032e+01	3.622664e-06	-2.226012e+01
-2.968750e-01	-6.083451e+01	3.300725e-06	-2.225972e+01
-2.929688e-01	-6.085508e+01	3.285122e-06	-2.225932e+01
-2.890625e-01	-6.082620e+01	3.307048e-06	-2.225893e+01
-2.851562e-01	-6.069475e+01	3.408669e-06	-2.225852e+01
-2.812500e-01	-6.085327e+01	3.286499e-06	-2.225812e+01
-2.773438e-01	-6.092806e+01	3.230382e-06	-2.225773e+01
-2.734375e-01	-6.098930e+01	3.185153e-06	-2.225735e+01
-2.695312e-01	-6.077697e+01	3.344748e-06	-2.225695e+01
-2.656250e-01	-6.057208e+01	3.506324e-06	-2.225653e+01
-2.617188e-01	-6.067237e+01	3.426282e-06	-2.225612e+01
-2.578125e-01	-6.012216e+01	3.889055e-06	-2.225565e+01
-2.539062e-01	-6.000270e+01	3.997511e-06	-2.225517e+01
-2.500000e-01	-6.003934e+01	3.963927e-06	-2.225469e+01
-2.460938e-01	-6.046637e+01	3.592719e-06	-2.225426e+01
-2.421875e-01	-6.091852e+01	3.237489e-06	-2.225387e+01
-2.382812e-01	-6.078042e+01	3.342090e-06	-2.225347e+01
-2.343750e-01	-6.090744e+01	3.245754e-06	-2.225308e+01
-2.304688e-01	-6.064376e+01	3.448925e-06	-2.225267e+01
-2.265625e-01	-6.072918e+01	3.381757e-06	-2.225226e+01
-2.226562e-01	-6.064237e+01	3.450030e-06	-2.225185e+01
-2.187500e-01	-6.066665e+01	3.430798e-06	-2.225144e+01
-2.148438e-01	-6.112463e+01	3.087432e-06	-2.225107e+01
-2.109375e-01	-6.101909e+01	3.163377e-06	-2.225069e+01
-2.070312e-01	-6.095731e+01	3.208699e-06	-2.225030e+01
-2.031250e-01	-6.051417e+01	3.553391e-06	-2.224988e+01
-1.992188e-01	-6.032423e+01	3.712244e-06	-2.224943e+01
-1.953125e-01	-6.062856e+01	3.461016e-06	-2.224902e+01
-1.914062e-01	-6.049352e+01	3.570323e-06	-2.224859e+01
-1.875000e-01	-6.088513e+01	3.262477e-06	-2.224820e+01
-1.835938e-01	-6.072423e+01	3.385607e-06	-2.224779e+01
-1.796875e-01	-6.048085e+01	3.580756e-06	-2.224736e+01
-1.757812e-01	-6.085254e+01	3.287049e-06	-2.224697e+01
-1.718750e-01	-6.096518e+01	3.202889e-06	-2.224659e+01
-1.679688e-01	-6.062930e+01	3.460431e-06	-2.224617e+01
-1.640625e-01	-6.040451e+01	3.644253e-06	-2.224573e+01
-1.601562e-01	-6.039528e+01	3.652014e-06	-2.224530e+01
-1.562500e-01	-6.063076e+01	3.459269e-06	-2.224488e+01
-1.523438e-01	-6.076630e+01	3.352969e-06	-2.224448e+01
-1.484375e-01	-6.093735e+01	3.223477e-06	-2.224410e+01
-1.445312e-01	-6.065549e+01	3.439626e-06	-2.224368e+01
-1.406250e-01	-6.067969e+01	3.420514e-06	-2.224327e+01
-1.367188e-01	-6.073763e+01	3.375183e-06	-2.224287e+01
-1.328125e-01	-6.078178e+01	3.341044e-06	-2.224247e+01
-1.289062e-01	-6.107206e+01	3.125031e-06	-2.224210e+01
-1.250000e-01	-6.038680e+01	3.659147e-06	-2.224166e+01
-1.210938e-01	-6.041121e+01	3.638636e-06	-2.224122e+01
-1.171875e-01	-6.031680e+01	3.718604e-06	-2.224078e+01
-1.132812e-01	-6.075714e+01	3.360055e-06	-2.224038e+01
-1.093750e-01	-6.108533e+01	3.115493e-06	-2.224000e+01
-1.054688e-01	-6.089256e+01	3.256900e-06	-2.223961e+01
-1.015625e-01	-6.084226e+01	3.294841e-06	-2.223922e+01
-9.765625e-02	-6.077826e+01	3.343752e-06	-2.223882e+01
-9.375000e-02	-6.086140e+01	3.280349e-06	-2.223843e+01
-8.984375e-02	-6.049944e+01	3.565463e-06	-2.223800e+01
-8.593750e-02	-6.066441e+01	3.432564e-06	-2.223759e+01
-8.203125e-02	-6.029019e+01	3.741462e-06	-2.223714e+01
-7.812500e-02	-6.002507e+01	3.976976e-06	-2.223667e+01
-7.421875e-02	-6.018624e+01	3.832092e-06	-2.223621e+01
-7.031250e-02	-6.043794e+01	3.616317e-06	-2.223578e+01
-6.640625e-02	-6.051770e+01	3.550501e-06	-2.223535e+01
-6.250000e-02	-6.047012e+01	3.589614e-06	-2.223492e+01
-5.859375e-02	-6.025313e+01	3.773527e-06	-2.223447e+01
-5.468750e-02	-6.049591e+01	3.568360e-06	-2.223405e+01
-5.078125e-02	-6.059764e+01	3.485747e-06	-2.223363e+01
-4.687500e-02	-6.068887e+01	3.413287e-06	-2.223322e+01
-4.296875e-02	-6.080116e+01	3.326168e-06	-2.223282e+01
-3.906250e-02	-6.073922e+01	3.373946e-06	-2.223242e+01
-3.515625e-02	-6.040159e+01	3.646711e-06	-2.223199e+01
-3.125000e-02	-5.960827e+01	4.377572e-06	-2.223146e+01
-2.734375e-02	-5.973093e+01	4.255664e-06	-2.223095e+01
-2.343750e-02	-6.046879e+01	3.590712e-06	-2.223053e+01
-1.953125e-02	-6.068451e+01	3.416721e-06	-2.223012e+01
-1.562500e-02	-6.069711e+01	3.406822e-06	-2.222971e+01
-1.171875e-02	-6.062664e+01	3.462549e-06	-2.222930e+01
-7.812500e-03	-6.072114e+01	3.388022e-06	-2.222889e+01
-3.906250e-03	-6.181086e+01	2.636174e-06	-2.222858e+01
0.000000e+00	-6.407329e+01	1.565780e-06	-2.222839e+01
3.906250e-03	-6.126008e+01	2.992622e-06	-2.222804e+01
7.812500e-03	-5.979246e+01	4.195790e-06	-2.222753e+01
1.171875e-02	-6.003619e+01	3.966809e-06	-2.222706e+01
1.562500e-02	-6.027832e+01	3.751698e-06	-2.222661e+01
1.953125e-02	-6.061637e+01	3.470745e-06	-2.222620e+01
2.343750e-02	-6.071017e+01	3.396591e-06	-2.222579e+01
2.734375e-02	-6.059112e+01	3.490983e-06	-2.222538e+01
3.125000e-02	-6.040784e+01	3.641461e-06	-2.222494e+01
3.515625e-02	-6.077269e+01	3.348045e-06	-2.222455e+01
3.906250e-02	-6.084627e+01	3.291797e-06	-2.222415e+01
4.296875e-02	-6.073007e+01	3.381061e-06	-2.222375e+01
4.687500e-02	-6.045811e+01	3.599558e-06	-2.222332e+01
5.078125e-02	-6.019059e+01	3.828254e-06	-2.222286e+01
5.468750e-02	-6.045171e+01	3.604865e-06	-2.222243e+01
5.859375e-02	-6.089413e+01	3.255723e-06	-2.222205e+01
6.250000e-02	-6.082692e+01	3.306497e-06	-2.222165e+01
6.640625e-02	-6.069719e+01	3.406755e-06	-2.222125e+01
7.031250e-02	-6.085390e+01	3.286022e-06	-2.222086e+01
7.421875e-02	-6.075237e+01	3.363741e-06	-2.222045e+01
7.812500e-02	-6.052412e+01	3.545258e-06	-2.222003e+01
8.203125e-02	-6.011709e+01	3.893600e-06	-2.221957e+01
8.593750e-02	-6.044059e+01	3.614107e-06	-2.221914e+01
8.984375e-02	-6.044895e+01	3.607160e-06	-2.221871e+01
9.375000e-02	-6.040239e+01	3.646040e-06	-2.221828e+01
9.765625e-02	-6.080411e+01	3.323908e-06	-2.221788e+01
1.015625e-01	-6.096429e+01	3.203546e-06	-2.221750e+01
1.054688e-01	-6.076514e+01	3.353870e-06	-2.221710e+01
1.093750e-01	-6.075524e+01	3.361522e-06	-2.221670e+01
1.132812e-01	-6.105088e+01	3.140310e-06	-2.221633e+01
1.171875e-01	-6.091701e+01	3.238612e-06	-2.221594e+01
1.210938e-01	-6.058530e+01	3.495664e-06	-2.221552e+01
1.250000e-01	-6.021666e+01	3.805347e-06	-2.221507e+01
1.289062e-01	-5.992158e+01	4.072879e-06	-2.221459e+01
1.328125e-01	-6.024333e+01	3.782047e-06	-2.221414e+01
1.367188e-01	-6.036729e+01	3.675620e-06	-2.221370e+01
1.406250e-01	-6.023181e+01	3.792091e-06	-2.221325e+01
1.445312e-01	-6.045868e+01	3.599084e-06	-2.221282e+01
1.484375e-01	-6.047907e+01	3.582223e-06	-2.221239e+01
1.523438e-01	-6.062370e+01	3.464891e-06	-2.221198e+01
1.562500e-01	-6.044182e+01	3.613081e-06	-2.221155e+01
1.601562e-01	-6.069272e+01	3.410263e-06	-2.221115e+01
1.640625e-01	-6.084920e+01	3.289576e-06	-2.221076e+01
1.679688e-01	-6.078592e+01	3.337861e-06	-2.221036e+01
1.718750e-01	-6.015832e+01	3.856811e-06	-2.220990e+01
1.757812e-01	-5.978321e+01	4.204736e-06	-2.220940e+01
1.796875e-01	-5.985981e+01	4.131225e-06	-2.220891e+01
1.835938e-01	-6.049384e+01	3.570066e-06	-2.220849e+01
1.875000e-01	-6.081286e+01	3.317221e-06	-2.220809e+01
1.914062e-01	-6.091391e+01	3.240922e-06	-2.220771e+01
1.953125e-01	-6.082470e+01	3.308185e-06	-2.220732e+01
1.992188e-01	-6.085527e+01	3.284980e-06	-2.220693e+01
2.031250e-01	-6.049170e+01	3.571827e-06	-2.220650e+01
2.070312e-01	-6.031236e+01	3.722405e-06	-2.220606e+01
2.109375e-01	-6.054217e+01	3.530556e-06	-2.220564e+01
2.148438e-01	-6.057180e+01	3.506554e-06	-2.220522e+01
2.187500e-01	-6.084571e+01	3.292223e-06	-2.220483e+01
2.226562e-01	-6.076677e+01	3.352608e-06	-2.220444e+01
2.265625e-01	-6.090252e+01	3.249433e-06	-2.220405e+01
2.304688e-01	-6.103065e+01	3.154966e-06	-2.220368e+01
2.343750e-01	-6.076472e+01	3.354195e-06	-2.220328e+01
2.382812e-01	-6.059728e+01	3.486040e-06	-2.220286e+01
2.421875e-01	-6.076710e+01	3.352357e-06	-2.220247e+01
2.460938e-01	-6.065121e+01	3.443016e-06	-2.220206e+01
2.500000e-01	-6.055883e+01	3.517041e-06	-2.220164e+01
2.539062e-01	-6.046409e+01	3.594603e-06	-2.220122e+01
2.578125e-01	-6.041534e+01	3.635181e-06	-2.220078e+01
2.617188e-01	-6.031923e+01	3.716527e-06	-2.220034e+01
2.656250e-01	-6.058334e+01	3.497246e-06	-2.219993e+01
2.695312e-01	-6.054748e+01	3.526242e-06	-2.219951e+01
2.734375e-01	-6.036644e+01	3.676345e-06	-2.219908e+01
2.773438e-01	-6.014993e+01	3.864268e-06	-2.219862e+01
2.812500e-01	-5.987631e+01	4.115564e-06	-2.219813e+01
2.851562e-01	-6.071742e+01	3.390920e-06	-2.219773e+01
2.890625e-01	-6.106862e+01	3.127506e-06	-2.219736e+01
2.929688e-01	-6.089579e+01	3.254472e-06	-2.219697e+01
2.968750e-01	-6.091466e+01	3.240362e-06	-2.219659e+01
3.007812e-01	-6.067429e+01	3.424765e-06	-2.219618e+01
3.046875e-01	-6.074393e+01	3.370291e-06	-2.219578e+01
3.085938e-01	-6.103382e+01	3.152666e-06	-2.219541e+01
3.125000e-01	-6.122877e+01	3.014274e-06	-2.219505e+01
3.164062e-01	-6.116215e+01	3.060874e-06	-2.219469e+01
3.203125e-01	-6.120456e+01	3.031127e-06	-2.219433e+01
3.242188e-01	-6.116370e+01	3.059781e-06	-2.219397e+01
3.281250e-01	-6.095234e+01	3.212376e-06	-2.219359e+01
3.320312e-01	-6.079730e+01	3.329124e-06	-2.219319e+01
3.359375e-01	-6.033949e+01	3.699227e-06	-2.219276e+01
3.398438e-01	-6.037884e+01	3.665861e-06	-2.219232e+01
3.437500e-01	-6.059212e+01	3.490180e-06	-2.219191e+01
3.476562e-01	-6.044121e+01	3.613590e-06	-2.219148e+01
3.515625e-01	-6.066094e+01	3.435312e-06	-2.219108e+01
3.554688e-01	-6.093608e+01	3.224420e-06	-2.219069e+01
3.593750e-01	-6.104493e+01	3.144608e-06	-2.219032e+01
3.632812e-01	-6.121907e+01	3.021012e-06	-2.218997e+01
3.671875e-01	-6.144180e+01	2.869989e-06	-2.218963e+01
3.710938e-01	-6.149455e+01	2.835339e-06	-2.218929e+01
3.750000e-01	-6.137513e+01	2.914384e-06	-2.218895e+01
3.789062e-01	-6.130124e+01	2.964392e-06	-2.218860e+01
3.828125e-01	-6.096641e+01	3.201986e-06	-2.218822e+01
3.867188e-01	-6.085933e+01	3.281910e-06	-2.218783e+01
3.906250e-01	-6.115530e+01	3.065706e-06	-2.218747e+01
3.945312e-01	-6.147195e+01	2.850131e-06	-2.218713e+01
3.984375e-01	-6.170513e+01	2.701142e-06	-2.218681e+01
4.023438e-01	-6.120852e+01	3.028366e-06	-2.218645e+01
4.062500e-01	-6.144166e+01	2.870077e-06	-2.218611e+01
4.101562e-01	-6.167578e+01	2.719456e-06	-2.218579e+01
4.140625e-01	-6.150090e+01	2.831198e-06	-2.218546e+01
4.179688e-01	-6.171583e+01	2.694490e-06	-2.218514e+01
4.218750e-01	-6.139563e+01	2.900660e-06	-2.218480e+01
4.257812e-01	-6.155296e+01	2.797459e-06	-2.218447e+01
4.296875e-01	-6.176433e+01	2.664571e-06	-2.218415e+01
4.335938e-01	-6.201729e+01	2.513801e-06	-2.218385e+01
4.375000e-01	-6.209419e+01	2.469683e-06	-2.218356e+01
4.414062e-01	-6.219265e+01	2.414320e-06	-2.218328e+01
4.453125e-01	-6.239631e+01	2.303717e-06	-2.218301e+01
4.492188e-01	-6.225095e+01	2.382125e-06	-2.218272e+01
4.531250e-01	-6.249140e+01	2.253825e-06	-2.218246e+01
4.570312e-01	-6.238665e+01	2.308844e-06	-2.218219e+01
4.609375e-01	-6.228950e+01	2.361079e-06	-2.218191e+01
4.648438e-01	-6.250483e+01	2.246867e-06	-2.218164e+01
4.687500e-01	-6.234730e+01	2.329863e-06	-2.218137e+01
4.726562e-01	-6.269112e+01	2.152523e-06	-2.218111e+01
4.765625e-01	-6.252346e+01	2.237246e-06	-2.218085e+01
4.804688e-01	-6.261383e+01	2.191176e-06	-2.218059e+01
4.843750e-01	-6.315862e+01	1.932851e-06	-2.218036e+01
4.882812e-01	-6.318332e+01	1.921888e-06	-2.218013e+01
4.921875e-01	-6.337795e+01	1.837658e-06	-2.217992e+01
4.960938e-01	-6.327895e+01	1.880031e-06	-2.217970e+01
5.000000e-01	-6.296506e+01	2.020942e-06	-2.217946e+01
5.039062e-01	-6.296558e+01	2.020701e-06	-2.217922e+01
5.078125e-01	-6.310901e+01	1.955056e-06	-2.217899e+01
5.117188e-01	-6.314570e+01	1.938610e-06	-2.217876e+01
5.156250e-01	-6.342182e+01	1.819191e-06	-2.217855e+01
5.195312e-01	-6.370662e+01	1.703720e-06	-2.217834e+01
5.234375e-01	-6.355047e+01	1.766089e-06	-2.217814e+01
5.273438e-01	-6.340374e+01	1.826778e-06	-2.217792e+01
5.312500e-01	-6.375077e+01	1.686487e-06	-2.217772e+01
5.351562e-01	-6.366283e+01	1.720984e-06	-2.217752e+01
5.390625e-01	-6.417777e+01	1.528563e-06	-2.217734e+01
5.429688e-01	-6.416795e+01	1.532023e-06	-2.217716e+01
5.468750e-01	-6.418105e+01	1.527408e-06	-2.217698e+01
5.507812e-01	-6.426528e+01	1.498071e-06	-2.217680e+01
5.546875e-01	-6.429773e+01	1.486918e-06	-2.217663e+01
5.585938e-01	-6.496080e+01	1.276379e-06	-2.217648e+01
5.625000e-01	-6.519315e+01	1.209888e-06	-2.217633e+01
5.664062e-01	-6.514337e+01	1.223834e-06	-2.217619e+01
5.703125e-01	-6.534577e+01	1.168107e-06	-2.217605e+01
5.742188e-01	-6.512558e+01	1.228858e-06	-2.217591e+01
5.781250e-01	-6.535349e+01	1.166034e-06	-2.217577e+01
5.820312e-01	-6.558925e+01	1.104422e-06	-2.217564e+01
5.859375e-01	-6.577724e+01	1.057637e-06	-2.217551e+01
5.898438e-01	-6.590712e+01	1.026475e-06	-2.217539e+01
5.937500e-01	-6.591647e+01	1.024266e-06	-2.217527e+01
5.976562e-01	-6.625611e+01	9.472161e-07	-2.217516e+01
6.015625e-01	-6.606104e+01	9.907311e-07	-2.217504e+01
6.054688e-01	-6.630582e+01	9.364367e-07	-2.217493e+01
6.093750e-01	-6.618486e+01	9.628843e-07	-2.217482e+01
6.132812e-01	-6.632925e+01	9.313966e-07	-2.217471e+01
6.171875e-01	-6.674215e+01	8.469260e-07	-2.217461e+01
6.210938e-01	-6.652495e+01	8.903588e-07	-2.217450e+01
6.250000e-01	-6.649911e+01	8.956715e-07	-2.217440e+01
6.289062e-01	-6.652276e+01	8.908080e-07	-2.217429e+01
6.328125e-01	-6.695450e+01	8.065105e-07	-2.217420e+01
6.367188e-01	-6.726951e+01	7.500820e-07	-2.217411e+01
6.406250e-01	-6.762027e+01	6.918841e-07	-2.217403e+01
6.445312e-01	-6.784558e+01	6.569039e-07	-2.217395e+01
6.484375e-01	-6.778291e+01	6.664518e-07	-2.217387e+01
6.523438e-01	-6.801925e+01	6.311534e-07	-2.217380e+01
6.562500e-01	-6.791125e+01	6.470463e-07	-2.217372e+01
6.601562e-01	-6.774142e+01	6.728499e-07	-2.217364e+01
6.640625e-01	-6.739945e+01	7.279729e-07	-2.217356e+01
6.679688e-01	-6.690180e+01	8.163574e-07	-2.217346e+01
6.718750e-01	-6.689075e+01	8.184364e-07	-2.217337e+01
6.757812e-01	-6.705181e+01	7.886396e-07	-2.217327e+01
6.796875e-01	-6.739045e+01	7.294827e-07	-2.217319e+01
6.835938e-01	-6.798341e+01	6.363833e-07	-2.217311e+01
6.875000e-01	-6.847563e+01	5.681942e-07	-2.217304e+01
6.914062e-01	-6.899992e+01	5.035799e-07	-2.217298e+01
6.953125e-01	-6.910530e+01	4.915077e-07	-2.217293e+01
6.992188e-01	-6.868952e+01	5.408883e-07	-2.217286e+01
7.031250e-01	-6.798089e+01	6.367527e-07	-2.217279e+01
7.070312e-01	-6.694563e+01	8.081594e-07	-2.217269e+01
7.109375e-01	-6.605001e+01	9.932514e-07	-2.217258e+01
7.148438e-01	-6.533001e+01	1.172354e-06	-2.217244e+01
7.187500e-01	-6.508249e+01	1.241113e-06	-2.217229e+01
7.226562e-01	-6.515961e+01	1.219269e-06	-2.217215e+01
7.265625e-01	-6.569746e+01	1.077244e-06	-2.217202e+01
7.304688e-01	-6.687287e+01	8.218131e-07	-2.217192e+01
7.343750e-01	-6.847073e+01	5.688354e-07	-2.217186e+01
7.382812e-01	-6.817255e+01	6.092638e-07	-2.217179e+01
7.421875e-01	-6.463342e+01	1.376314e-06	-2.217162e+01
7.460938e-01	-6.051848e+01	3.549869e-06	-2.217121e+01
7.500000e-01	-5.693218e+01	8.106653e-06	-2.217025e+01
7.539062e-01	-5.409080e+01	1.559481e-05	-2.216842e+01
7.578125e-01	-5.187063e+01	2.600141e-05	-2.216536e+01
7.617188e-01	-4.967922e+01	4.306637e-05	-2.216029e+01
7.656250e-01	-4.769043e+01	6.807954e-05	-2.215230e+01
7.695312e-01	-4.580721e+01	1.050362e-04	-2.214001e+01
7.734375e-01	-4.400554e+01	1.590400e-04	-2.212145e+01
7.773438e-01	-4.349804e+01	1.787539e-04	-2.210069e+01
7.812500e-01	-4.261372e+01	2.191230e-04	-2.207537e+01
7.851562e-01	-4.134711e+01	2.933250e-04	-2.204172e+01
7.890625e-01	-4.035939e+01	3.682316e-04	-2.199983e+01
7.929688e-01	-3.920167e+01	4.807204e-04	-2.194574e+01
7.968750e-01	-3.840298e+01	5.777788e-04	-2.188162e+01
8.007812e-01	-3.792045e+01	6.456759e-04	-2.181106e+01
8.046875e-01	-3.739179e+01	7.292575e-04	-2.173273e+01
8.085938e-01	-3.664733e+01	8.656201e-04	-2.164154e+01
8.125000e-01	-3.611458e+01	9.785922e-04	-2.154071e+01
8.164062e-01	-3.547349e+01	1.134255e-03	-2.142670e+01
8.203125e-01	-3.482296e+01	1.317540e-03	-2.129791e+01
8.242188e-01	-3.423957e+01	1.506964e-03	-2.115514e+01
8.281250e-01	-3.331597e+01	1.864072e-03	-2.098480e+01
8.320312e-01	-3.279837e+01	2.100016e-03	-2.080058e+01
8.359375e-01	-3.264380e+01	2.176104e-03	-2.061758e+01
8.398438e-01	-3.206917e+01	2.483952e-03	-2.041770e+01
8.437500e-01	-3.191519e+01	2.573601e-03	-2.021988e+01
8.476562e-01	-3.180844e+01	2.637641e-03	-2.002607e+01
8.515625e-01	-3.154568e+01	2.802152e-03	-1.982923e+01
8.554688e-01	-3.138321e+01	2.908967e-03	-1.963391e+01
8.593750e-01	-3.135533e+01	2.927706e-03	-1.944582e+01
8.632812e-01	-3.110598e+01	3.100714e-03	-1.925511e+01
8.671875e-01	-3.064303e+01	3.449506e-03	-1.905235e+01
8.710938e-01	-3.026643e+01	3.761984e-03	-1.884151e+01
8.750000e-01	-2.962877e+01	4.356959e-03	-1.860946e+01
8.789062e-01	-2.916250e+01	4.850765e-03	-1.836492e+01
8.828125e-01	-2.921826e+01	4.788876e-03	-1.813628e+01
8.867188e-01	-2.931914e+01	4.678921e-03	-1.792396e+01
8.906250e-01	-2.929868e+01	4.701015e-03	-1.772059e+01
8.945312e-01	-2.855725e+01	5.576151e-03	-1.749111e+01
8.984375e-01	-2.845261e+01	5.712138e-03	-1.726796e+01
9.023438e-01	-2.846337e+01	5.698009e-03	-1.705623e+01
9.062500e-01	-2.798908e+01	6.355531e-03	-1.683164e+01
9.101562e-01	-2.791991e+01	6.457567e-03	-1.661475e+01
9.140625e-01	-2.735193e+01	7.359816e-03	-1.638009e+01
9.179688e-01	-2.725427e+01	7.527196e-03	-1.615252e+01
9.218750e-01	-2.722358e+01	7.580576e-03	-1.593479e+01
9.257812e-01	-2.720041e+01	7.621121e-03	-1.572638e+01
9.296875e-01	-2.711315e+01	7.775793e-03	-1.552357e+01
9.335938e-01	-2.699560e+01	7.989146e-03	-1.532461e+01
9.375000e-01	-2.689589e+01	8.174677e-03	-1.513004e+01
9.414062e-01	-2.657610e+01	8.799342e-03	-1.492992e+01
9.453125e-01	-2.655973e+01	8.832559e-03	-1.473790e+01
9.492188e-01	-2.625669e+01	9.470887e-03	-1.454103e+01
9.531250e-01	-2.586710e+01	1.035977e-02	-1.433543e+01
9.570312e-01	-2.587770e+01	1.033452e-02	-1.413959e+01
9.609375e-01	-2.566208e+01	1.086056e-02	-1.394288e+01
9.648438e-01	-2.583002e+01	1.044859e-02	-1.376168e+01
9.687500e-01	-2.555659e+01	1.112760e-02	-1.357668e+01
9.726562e-01	-2.532693e+01	1.173187e-02	-1.338981e+01
9.765625e-01	-2.552841e+01	1.120002e-02	-1.321861e+01
9.804688e-01	-2.546979e+01	1.135223e-02	-1.305170e+01
9.843750e-01	-2.541380e+01	1.149952e-02	-1.288893e+01
9.882812e-01	-2.503624e+01	1.254399e-02	-1.271807e+01
9.921875e-01	-2.462668e+01	1.378453e-02	-1.253775e+01
9.960938e-01	-2.435879e+01	1.466159e-02	-1.235383e+01
1.000000e+00	-2.429771e+01	1.486923e-02	-1.217494e+01
1.003906e+00	-2.415070e+01	1.538119e-02	-1.199733e+01
1.007812e+00	-2.415398e+01	1.536959e-02	-1.182683e+01
1.011719e+00	-2.431298e+01	1.481708e-02	-1.166856e+01
1.015625e+00	-2.402778e+01	1.582275e-02	-1.150568e+01
1.019531e+00	-2.361212e+01	1.741196e-02	-1.133323e+01
1.023438e+00	-2.378718e+01	1.672407e-02	-1.117381e+01
1.027344e+00	-2.347103e+01	1.798693e-02	-1.100863e+01
1.031250e+00	-2.386036e+01	1.644463e-02	-1.086293e+01
1.035156e+00	-2.371199e+01	1.701615e-02	-1.071713e+01
1.039062e+00	-2.340647e+01	1.825631e-02	-1.056597e+01
1.042969e+00	-2.322048e+01	1.905515e-02	-1.041362e+01
1.046875e+00	-2.302618e+01	1.992699e-02	-1.025981e+01
1.050781e+00	-2.360011e+01	1.746018e-02	-1.012938e+01
1.054688e+00	-2.377858e+01	1.675721e-02	-1.000778e+01
1.058594e+00	-2.355172e+01	1.765583e-02	-9.883233e+00
1.062500e+00	-2.359735e+01	1.747131e-02	-9.763411e+00
1.066406e+00	-2.330912e+01	1.867015e-02	-9.638919e+00
1.070312e+00	-2.328070e+01	1.879273e-02	-9.517113e+00
1.074219e+00	-2.339009e+01	1.832531e-02	-9.401538e+00
1.078125e+00	-2.333145e+01	1.857441e-02	-9.287449e+00
1.082031e+00	-2.315181e+01	1.935883e-02	-9.171648e+00
1.085938e+00	-2.291586e+01	2.043968e-02	-9.052643e+00
1.089844e+00	-2.301486e+01	1.997900e-02	-8.939388e+00
1.093750e+00	-2.258188e+01	2.207355e-02	-8.817602e+00
1.097656e+00	-2.266716e+01	2.164433e-02	-8.701410e+00
1.101562e+00	-2.243579e+01	2.282868e-02	-8.582139e+00
1.105469e+00	-2.247408e+01	2.262833e-02	-8.467061e+00
1.109375e+00	-2.304753e+01	1.982930e-02	-8.368665e+00
1.113281e+00	-2.272118e+01	2.137679e-02	-8.265030e+00
1.117188e+00	-2.248797e+01	2.255602e-02	-8.158294e+00
1.121094e+00	-2.219740e+01	2.411684e-02	-8.047002e+00
1.125000e+00	-2.248173e+01	2.258849e-02	-7.945287e+00
1.128906e+00	-2.260433e+01	2.195973e-02	-7.848636e+00
1.132812e+00	-2.258577e+01	2.205380e-02	-7.753689e+00
1.136719e+00	-2.249101e+01	2.254029e-02	-7.658745e+00
1.140625e+00	-2.196677e+01	2.543213e-02	-7.554056e+00
1.144531e+00	-2.214592e+01	2.440437e-02	-7.455915e+00
1.148438e+00	-2.207204e+01	2.482312e-02	-7.358315e+00
1.152344e+00	-2.209781e+01	2.467626e-02	-7.263419e+00
1.156250e+00	-2.198352e+01	2.533425e-02	-7.168102e+00
1.160156e+00	-2.156462e+01	2.789959e-02	-7.065499e+00
1.164062e+00	-2.168796e+01	2.711838e-02	-6.968040e+00
1.167969e+00	-2.136642e+01	2.920238e-02	-6.865480e+00
1.171875e+00	-2.129567e+01	2.968199e-02	-6.763661e+00
1.175781e+00	-2.168140e+01	2.715940e-02	-6.672541e+00
1.179688e+00	-2.149584e+01	2.834499e-02	-6.579439e+00
1.183594e+00	-2.180040e+01	2.642528e-02	-6.494404e+00
1.187500e+00	-2.147889e+01	2.845581e-02	-6.404659e+00
1.191406e+00	-2.134662e+01	2.933582e-02	-6.314041e+00
1.195312e+00	-2.176001e+01	2.667219e-02	-6.233260e+00
1.199219e+00	-2.184358e+01	2.616389e-02	-6.155452e+00
1.203125e+00	-2.186603e+01	2.602898e-02	-6.079404e+00
1.207031e+00	-2.163774e+01	2.743381e-02	-6.000667e+00
1.210938e+00	-2.172225e+01	2.690511e-02	-5.924810e+00
1.214844e+00	-2.187110e+01	2.599862e-02	-5.852747e+00
1.218750e+00	-2.201142e+01	2.517201e-02	-5.784096e+00
1.222656e+00	-2.190905e+01	2.577243e-02	-5.714914e+00
1.226562e+00	-2.166195e+01	2.728132e-02	-5.642863e+00
1.230469e+00	-2.176936e+01	2.661486e-02	-5.573705e+00
1.234375e+00	-2.131893e+01	2.952344e-02	-5.498256e+00
1.238281e+00	-2.116274e+01	3.060452e-02	-5.421405e+00
1.242188e+00	-2.111163e+01	3.096683e-02	-5.345003e+00
1.246094e+00	-2.147907e+01	2.845463e-02	-5.275965e+00
1.250000e+00	-2.205408e+01	2.492598e-02	-5.216377e+00
1.253906e+00	-2.186436e+01	2.603898e-02	-5.154989e+00
1.257812e+00	-2.199350e+01	2.527607e-02	-5.096219e+00
1.261719e+00	-2.176337e+01	2.665159e-02	-5.035100e+00
1.265625e+00	-2.181183e+01	2.635588e-02	-4.975493e+00
1.269531e+00	-2.175757e+01	2.668718e-02	-4.915959e+00
1.273438e+00	-2.173076e+01	2.685248e-02	-4.856869e+00
1.277344e+00	-2.216678e+01	2.428746e-02	-4.804107e+00
1.281250e+00	-2.204303e+01	2.498947e-02	-4.750481e+00
1.285156e+00	-2.204741e+01	2.496425e-02	-4.697562e+00
1.289062e+00	-2.165959e+01	2.729613e-02	-4.640429e+00
1.292969e+00	-2.140644e+01	2.893447e-02	-4.580676e+00
1.296875e+00	-2.175996e+01	2.667253e-02	-4.526313e+00
1.300781e+00	-2.158988e+01	2.773782e-02	-4.470492e+00
1.304688e+00	-2.195144e+01	2.552210e-02	-4.419755e+00
1.308594e+00	-2.184809e+01	2.613668e-02	-4.368405e+00
1.312500e+00	-2.158618e+01	2.776142e-02	-4.314518e+00
1.316406e+00	-2.190766e+01	2.578064e-02	-4.265069e+00
1.320312e+00	-2.204879e+01	2.495635e-02	-4.217731e+00
1.324219e+00	-2.172173e+01	2.690835e-02	-4.167262e+00
1.328125e+00	-2.153849e+01	2.806800e-02	-4.115235e+00
1.332031e+00	-2.150719e+01	2.827100e-02	-4.063455e+00
1.335938e+00	-2.171103e+01	2.697473e-02	-4.014617e+00
1.339844e+00	-2.187499e+01	2.597535e-02	-3.968103e+00
1.343750e+00	-2.204570e+01	2.497412e-02	-3.923846e+00
1.347656e+00	-2.184942e+01	2.612874e-02	-3.878022e+00
1.351562e+00	-2.173784e+01	2.680873e-02	-3.831501e+00
1.355469e+00	-2.187543e+01	2.597267e-02	-3.786902e+00
1.359375e+00	-2.190813e+01	2.577790e-02	-3.743086e+00
1.363281e+00	-2.222800e+01	2.394749e-02	-3.702773e+00
1.367188e+00	-2.161138e+01	2.760083e-02	-3.656770e+00
1.371094e+00	-2.158545e+01	2.776608e-02	-3.610977e+00
1.375000e+00	-2.149211e+01	2.836934e-02	-3.564684e+00
1.378906e+00	-2.180333e+01	2.640747e-02	-3.522030e+00
1.382812e+00	-2.221683e+01	2.400917e-02	-3.483611e+00
1.386719e+00	-2.197947e+01	2.535790e-02	-3.443399e+00
1.390625e+00	-2.201664e+01	2.514177e-02	-3.403894e+00
1.394531e+00	-2.199911e+01	2.524345e-02	-3.364588e+00
1.398438e+00	-2.204702e+01	2.496651e-02	-3.326059e+00
1.402344e+00	-2.167367e+01	2.720777e-02	-3.284458e+00
1.406250e+00	-2.174611e+01	2.675771e-02	-3.243930e+00
1.410156e+00	-2.159353e+01	2.771451e-02	-3.202347e+00
1.414062e+00	-2.114527e+01	3.072788e-02	-3.156704e+00
1.417969e+00	-2.127710e+01	2.980917e-02	-3.112879e+00
1.421875e+00	-2.158821e+01	2.774846e-02	-3.072478e+00
1.425781e+00	-2.175416e+01	2.670814e-02	-3.033943e+00
1.429688e+00	-2.181052e+01	2.636379e-02	-2.996237e+00
1.433594e+00	-2.154646e+01	2.801652e-02	-2.956523e+00
1.437500e+00	-2.171762e+01	2.693383e-02	-2.918683e+00
1.441406e+00	-2.184404e+01	2.616111e-02	-2.882242e+00
1.445312e+00	-2.196661e+01	2.543308e-02	-2.847106e+00
1.449219e+00	-2.204021e+01	2.500573e-02	-2.812835e+00
1.453125e+00	-2.200390e+01	2.521562e-02	-2.778548e+00
1.457031e+00	-2.173418e+01	2.683132e-02	-2.742359e+00
1.460938e+00	-2.091765e+01	3.238137e-02	-2.699081e+00
1.464844e+00	-2.093617e+01	3.224352e-02	-2.656413e+00
1.468750e+00	-2.176893e+01	2.661751e-02	-2.621503e+00
1.472656e+00	-2.201799e+01	2.513397e-02	-2.588794e+00
1.476562e+00	-2.198893e+01	2.530271e-02	-2.556112e+00
1.480469e+00	-2.188274e+01	2.592904e-02	-2.522875e+00
1.484375e+00	-2.180776e+01	2.638054e-02	-2.489318e+00
1.488281e+00	-2.197846e+01	2.536380e-02	-2.457297e+00
1.492188e+00	-2.150118e+01	2.831013e-02	-2.421832e+00
1.496094e+00	-2.132036e+01	2.951374e-02	-2.385166e+00
1.500000e+00	-2.067212e+01	3.426479e-02	-2.342983e+00
1.503906e+00	-2.120096e+01	3.033643e-02	-2.305974e+00
1.507812e+00	-2.160012e+01	2.767244e-02	-2.272488e+00
1.511719e+00	-2.187474e+01	2.597681e-02	-2.241287e+00
1.515625e+00	-2.206830e+01	2.484446e-02	-2.211655e+00
1.519531e+00	-2.192141e+01	2.569916e-02	-2.181214e+00
1.523438e+00	-2.165669e+01	2.731436e-02	-2.149093e+00
1.527344e+00	-2.190723e+01	2.578322e-02	-2.118988e+00
1.531250e+00	-2.212596e+01	2.451679e-02	-2.090554e+00
1.535156e+00	-2.201753e+01	2.513663e-02	-2.061594e+00
1.539062e+00	-2.177386e+01	2.658730e-02	-2.031171e+00
1.542969e+00	-2.143822e+01	2.872354e-02	-1.998541e+00
1.546875e+00	-2.169658e+01	2.706460e-02	-1.968019e+00
1.550781e+00	-2.211377e+01	2.458570e-02	-1.940476e+00
1.554688e+00	-2.206700e+01	2.485193e-02	-1.912812e+00
1.558594e+00	-2.195212e+01	2.551810e-02	-1.884589e+00
1.562500e+00	-2.212319e+01	2.453248e-02	-1.857627e+00
1.566406e+00	-2.204739e+01	2.496439e-02	-1.830362e+00
1.570312e+00	-2.186654e+01	2.602589e-02	-1.802118e+00
1.574219e+00	-2.143308e+01	2.875754e-02	-1.771122e+00
1.578125e+00	-2.167463e+01	2.720178e-02	-1.742006e+00
1.582031e+00	-2.175007e+01	2.673330e-02	-1.713579e+00
1.585938e+00	-2.162824e+01	2.749387e-02	-1.684537e+00
1.589844e+00	-2.202754e+01	2.507876e-02	-1.658214e+00
1.593750e+00	-2.229451e+01	2.358351e-02	-1.633605e+00
1.597656e+00	-2.211355e+01	2.458696e-02	-1.608097e+00
1.601562e+00	-2.198339e+01	2.533498e-02	-1.581968e+00
1.605469e+00	-2.224575e+01	2.384981e-02	-1.557514e+00
1.609375e+00	-2.215219e+01	2.436919e-02	-1.532669e+00
1.613281e+00	-2.184560e+01	2.615173e-02	-1.506164e+00
1.617188e+00	-2.155749e+01	2.794546e-02	-1.478018e+00
1.621094e+00	-2.127161e+01	2.984687e-02	-1.448157e+00
1.625000e+00	-2.157000e+01	2.786506e-02	-1.420463e+00
1.628906e+00	-2.166473e+01	2.726384e-02	-1.393537e+00
1.632812e+00	-2.161496e+01	2.757808e-02	-1.366469e+00
1.636719e+00	-2.182872e+01	2.625354e-02	-1.340857e+00
1.640625e+00	-2.184631e+01	2.614741e-02	-1.315498e+00
1.644531e+00	-2.189338e+01	2.586557e-02	-1.290557e+00
1.648438e+00	-2.172307e+01	2.690007e-02	-1.264769e+00
1.652344e+00	-2.192416e+01	2.568288e-02	-1.240290e+00
1.656250e+00	-2.216305e+01	2.430830e-02	-1.217248e+00
1.660156e+00	-2.224878e+01	2.383316e-02	-1.194774e+00
1.664062e+00	-2.163649e+01	2.744173e-02	-1.169041e+00
1.667969e+00	-2.118591e+01	3.044171e-02	-1.140672e+00
1.671875e+00	-2.112924e+01	3.084154e-02	-1.112118e+00
1.675781e+00	-2.179912e+01	2.643309e-02	-1.087794e+00
1.679688e+00	-2.212058e+01	2.454722e-02	-1.065327e+00
1.683594e+00	-2.220246e+01	2.408874e-02	-1.043392e+00
1.687500e+00	-2.224397e+01	2.385961e-02	-1.021774e+00
1.691406e+00	-2.222787e+01	2.394820e-02	-1.000183e+00
1.695312e+00	-2.200379e+01	2.521628e-02	-9.775651e-01
1.699219e+00	-2.175568e+01	2.669881e-02	-9.537447e-01
1.703125e+00	-2.201048e+01	2.517746e-02	-9.314007e-01
1.707031e+00	-2.201265e+01	2.516491e-02	-9.091821e-01
1.710938e+00	-2.220437e+01	2.407815e-02	-8.880290e-01
1.714844e+00	-2.214372e+01	2.441675e-02	-8.666831e-01
1.718750e+00	-2.229983e+01	2.355468e-02	-8.461897e-01
1.722656e+00	-2.239182e+01	2.306098e-02	-8.262192e-01
1.726562e+00	-2.221553e+01	2.401637e-02	-8.055185e-01
1.730469e+00	-2.214109e+01	2.443153e-02	-7.845606e-01
1.734375e+00	-2.221108e+01	2.404099e-02	-7.640361e-01
1.738281e+00	-2.211884e+01	2.455705e-02	-7.431706e-01
1.742188e+00	-2.209809e+01	2.467462e-02	-7.223057e-01
1.746094e+00	-2.200515e+01	2.520840e-02	-7.010925e-01
1.750000e+00	-2.194245e+01	2.557495e-02	-6.796762e-01
1.753906e+00	-2.192861e+01	2.565658e-02	-6.582971e-01
1.757812e+00	-2.221924e+01	2.399582e-02	-6.383967e-01
1.761719e+00	-2.225552e+01	2.379621e-02	-6.187515e-01
1.765625e+00	-2.213396e+01	2.447170e-02	-5.986409e-01
1.769531e+00	-2.200093e+01	2.523292e-02	-5.780018e-01
1.773438e+00	-2.165212e+01	2.734311e-02	-5.557468e-01
1.777344e+00	-2.248039e+01	2.259544e-02	-5.374417e-01
1.781250e+00	-2.291654e+01	2.043646e-02	-5.209519e-01
1.785156e+00	-2.280068e+01	2.098904e-02	-5.040811e-01
1.789062e+00	-2.285722e+01	2.071755e-02	-4.874925e-01
1.792969e+00	-2.265990e+01	2.168051e-02	-4.702005e-01
1.796875e+00	-2.272100e+01	2.137766e-02	-4.532171e-01
1.800781e+00	-2.306437e+01	1.975256e-02	-4.375837e-01
1.804688e+00	-2.329925e+01	1.871264e-02	-4.228250e-01
1.808594e+00	-2.325783e+01	1.889195e-02	-4.079756e-01
1.812500e+00	-2.337624e+01	1.838383e-02	-3.935742e-01
1.816406e+00	-2.335706e+01	1.846522e-02	-3.791570e-01
1.820312e+00	-2.327780e+01	1.880527e-02	-3.645232e-01
1.824219e+00	-2.323495e+01	1.899174e-02	-3.497942e-01
1.828125e+00	-2.284818e+01	2.076068e-02	-3.337503e-01
1.832031e+00	-2.277616e+01	2.110784e-02	-3.174987e-01
1.835938e+00	-2.311403e+01	1.952796e-02	-3.025174e-01
1.839844e+00	-2.298795e+01	2.010321e-02	-2.871485e-01
1.843750e+00	-2.325835e+01	1.888969e-02	-2.727568e-01
1.847656e+00	-2.358412e+01	1.752459e-02	-2.594477e-01
1.851562e+00	-2.374167e+01	1.690025e-02	-2.466512e-01
1.855469e+00	-2.397681e+01	1.600953e-02	-2.345639e-01
1.859375e+00	-2.435553e+01	1.467261e-02	-2.235154e-01
1.863281e+00	-2.451033e+01	1.415882e-02	-2.128804e-01
1.867188e+00	-2.444427e+01	1.437582e-02	-2.021089e-01
1.871094e+00	-2.446215e+01	1.431677e-02	-1.914082e-01
1.875000e+00	-2.421790e+01	1.514503e-02	-1.801171e-01
1.878906e+00	-2.412140e+01	1.548530e-02	-1.686025e-01
1.882812e+00	-2.456741e+01	1.397393e-02	-1.582379e-01
1.886719e+00	-2.504169e+01	1.252826e-02	-1.489665e-01
1.890625e+00	-2.542085e+01	1.148087e-02	-1.404876e-01
1.894531e+00	-2.506701e+01	1.245544e-02	-1.313077e-01
1.898438e+00	-2.531543e+01	1.176296e-02	-1.226559e-01
1.902344e+00	-2.571554e+01	1.072768e-02	-1.147805e-01
1.906250e+00	-2.561818e+01	1.097090e-02	-1.067414e-01
1.910156e+00	-2.591526e+01	1.024551e-02	-9.924720e-02
1.914062e+00	-2.572665e+01	1.070028e-02	-9.143414e-02
1.917969e+00	-2.597709e+01	1.010068e-02	-8.407177e-02
1.921875e+00	-2.632273e+01	9.327972e-03	-7.728369e-02
1.925781e+00	-2.665491e+01	8.641095e-03	-7.100491e-02
1.929688e+00	-2.693392e+01	8.103418e-03	-6.512506e-02
1.933594e+00	-2.718453e+01	7.649039e-03	-5.958219e-02
1.937500e+00	-2.744017e+01	7.211792e-03	-5.436265e-02
1.941406e+00	-2.749195e+01	7.126314e-03	-4.921113e-02
1.945312e+00	-2.782455e+01	6.600935e-03	-4.444484e-02
1.949219e+00	-2.790344e+01	6.482106e-03	-3.976944e-02
1.953125e+00	-2.787347e+01	6.526997e-03	-3.506675e-02
1.957031e+00	-2.824190e+01	5.996120e-03	-3.075103e-02
1.960938e+00	-2.841189e+01	5.765946e-03	-2.660502e-02
1.964844e+00	-2.894082e+01	5.104794e-03	-2.293771e-02
1.968750e+00	-2.906342e+01	4.962702e-03	-1.937545e-02
1.972656e+00	-2.920132e+01	4.807596e-03	-1.592731e-02
1.976562e+00	-2.979245e+01	4.195805e-03	-1.292020e-02
1.980469e+00	-3.012784e+01	3.883970e-03	-1.013843e-02
1.984375e+00	-3.047512e+01	3.585488e-03	-7.572021e-03
1.988281e+00	-3.049678e+01	3.567644e-03	-5.019889e-03
1.992188e+00	-3.050580e+01	3.560246e-03	-2.474545e-03
1.996094e+00	-3.062580e+01	3.463216e-03	7.714620e-15

  

