-2.000000e+00	-9.322688e+01	1.902708e-09	-6.207627e+01
-1.996094e+00	-9.374179e+01	1.689977e-09	-5.931580e+01
-1.992188e+00	-9.495903e+01	1.276901e-09	-5.799508e+01
-1.988281e+00	-9.700827e+01	7.965862e-10	-5.733710e+01
-1.984375e+00	-9.969887e+01	4.287188e-10	-5.702034e+01
-1.980469e+00	-1.033819e+02	1.835985e-10	-5.689144e+01
-1.976562e+00	-1.087597e+02	5.322246e-11	-5.685478e+01
-1.972656e+00	-1.071318e+02	7.742527e-11	-5.680200e+01
-1.968750e+00	-1.031036e+02	1.957510e-10	-5.667134e+01
-1.964844e+00	-1.002242e+02	3.798753e-10	-5.642848e+01
-1.960938e+00	-9.842912e+01	5.743124e-10	-5.608531e+01
-1.957031e+00	-9.754340e+01	7.042384e-10	-5.569845e+01
-1.953125e+00	-9.720550e+01	7.612204e-10	-5.531575e+01
-1.949219e+00	-9.816137e+01	6.108339e-10	-5.503131e+01
-1.945312e+00	-9.930174e+01	4.697709e-10	-5.482457e+01
-1.941406e+00	-1.005706e+02	3.507518e-10	-5.467639e+01
-1.937500e+00	-1.027363e+02	2.130245e-10	-5.458879e+01
-1.933594e+00	-1.055907e+02	1.104050e-10	-5.454408e+01
-1.929688e+00	-1.091533e+02	4.861037e-11	-5.452454e+01
-1.925781e+00	-1.112083e+02	3.028501e-11	-5.451241e+01
-1.921875e+00	-1.090831e+02	4.940221e-11	-5.449270e+01
-1.917969e+00	-1.063249e+02	9.323394e-11	-5.445573e+01
-1.914062e+00	-1.044873e+02	1.423407e-10	-5.439990e+01
-1.910156e+00	-1.036556e+02	1.723836e-10	-5.433323e+01
-1.906250e+00	-1.029437e+02	2.030904e-10	-5.425597e+01
-1.902344e+00	-1.032069e+02	1.911463e-10	-5.418450e+01
-1.898438e+00	-1.037162e+02	1.699972e-10	-5.412190e+01
-1.894531e+00	-1.047787e+02	1.331036e-10	-5.407351e+01
-1.890625e+00	-1.068283e+02	8.302818e-11	-5.404360e+01
-1.886719e+00	-1.085429e+02	5.594618e-11	-5.402356e+01
-1.882812e+00	-1.104024e+02	3.646032e-11	-5.401055e+01
-1.878906e+00	-1.117435e+02	2.677392e-11	-5.400102e+01
-1.875000e+00	-1.117237e+02	2.689609e-11	-5.399147e+01
-1.871094e+00	-1.108714e+02	3.272817e-11	-5.397987e+01
-1.867188e+00	-1.098973e+02	4.095675e-11	-5.396540e+01
-1.863281e+00	-1.091807e+02	4.830473e-11	-5.394840e+01
-1.859375e+00	-1.085534e+02	5.581062e-11	-5.392884e+01
-1.855469e+00	-1.087446e+02	5.340708e-11	-5.391021e+01
-1.851562e+00	-1.090035e+02	5.031635e-11	-5.389272e+01
-1.847656e+00	-1.095545e+02	4.432114e-11	-5.387738e+01
-1.843750e+00	-1.102548e+02	3.772078e-11	-5.386437e+01
-1.839844e+00	-1.108751e+02	3.269997e-11	-5.385312e+01
-1.835938e+00	-1.115072e+02	2.827108e-11	-5.384341e+01
-1.832031e+00	-1.119120e+02	2.575515e-11	-5.383459e+01
-1.828125e+00	-1.120449e+02	2.497871e-11	-5.382605e+01
-1.824219e+00	-1.119625e+02	2.545687e-11	-5.381737e+01
-1.820312e+00	-1.118361e+02	2.620898e-11	-5.380844e+01
-1.816406e+00	-1.117164e+02	2.694145e-11	-5.379929e+01
-1.812500e+00	-1.116234e+02	2.752423e-11	-5.378996e+01
-1.808594e+00	-1.116023e+02	2.765861e-11	-5.378060e+01
-1.804688e+00	-1.117075e+02	2.699690e-11	-5.377149e+01
-1.800781e+00	-1.117932e+02	2.646887e-11	-5.376257e+01
-1.796875e+00	-1.118737e+02	2.598290e-11	-5.375383e+01
-1.792969e+00	-1.119438e+02	2.556722e-11	-5.374525e+01
-1.789062e+00	-1.119860e+02	2.531979e-11	-5.373678e+01
-1.785156e+00	-1.120115e+02	2.517137e-11	-5.372836e+01
-1.781250e+00	-1.120140e+02	2.515700e-11	-5.371997e+01
-1.777344e+00	-1.120107e+02	2.517595e-11	-5.371159e+01
-1.773438e+00	-1.120052e+02	2.520828e-11	-5.370321e+01
-1.769531e+00	-1.119967e+02	2.525754e-11	-5.369484e+01
-1.765625e+00	-1.119874e+02	2.531160e-11	-5.368646e+01
-1.761719e+00	-1.119856e+02	2.532232e-11	-5.367809e+01
-1.757812e+00	-1.119777e+02	2.536831e-11	-5.366973e+01
-1.753906e+00	-1.119765e+02	2.537531e-11	-5.366137e+01
-1.750000e+00	-1.119674e+02	2.542866e-11	-5.365302e+01
-1.746094e+00	-1.119645e+02	2.544551e-11	-5.364468e+01
-1.742188e+00	-1.119601e+02	2.547126e-11	-5.363635e+01
-1.738281e+00	-1.119540e+02	2.550714e-11	-5.362801e+01
-1.734375e+00	-1.119487e+02	2.553824e-11	-5.361969e+01
-1.730469e+00	-1.119429e+02	2.557244e-11	-5.361137e+01
-1.726562e+00	-1.119363e+02	2.561101e-11	-5.360305e+01
-1.722656e+00	-1.119288e+02	2.565533e-11	-5.359474e+01
-1.718750e+00	-1.119221e+02	2.569512e-11	-5.358643e+01
-1.714844e+00	-1.119123e+02	2.575306e-11	-5.357811e+01
-1.710938e+00	-1.119067e+02	2.578607e-11	-5.356980e+01
-1.707031e+00	-1.118986e+02	2.583459e-11	-5.356149e+01
-1.703125e+00	-1.118911e+02	2.587905e-11	-5.355319e+01
-1.699219e+00	-1.118857e+02	2.591115e-11	-5.354489e+01
-1.695312e+00	-1.118776e+02	2.595948e-11	-5.353658e+01
-1.691406e+00	-1.118723e+02	2.599167e-11	-5.352829e+01
-1.687500e+00	-1.118658e+02	2.603020e-11	-5.352000e+01
-1.683594e+00	-1.118585e+02	2.607391e-11	-5.351171e+01
-1.679688e+00	-1.118511e+02	2.611878e-11	-5.350342e+01
-1.675781e+00	-1.118425e+02	2.617047e-11	-5.349513e+01
-1.671875e+00	-1.118346e+02	2.621798e-11	-5.348684e+01
-1.667969e+00	-1.118247e+02	2.627765e-11	-5.347855e+01
-1.664062e+00	-1.118154e+02	2.633397e-11	-5.347025e+01
-1.660156e+00	-1.118064e+02	2.638876e-11	-5.346196e+01
-1.656250e+00	-1.117996e+02	2.642995e-11	-5.345367e+01
-1.652344e+00	-1.117895e+02	2.649170e-11	-5.344537e+01
-1.648438e+00	-1.117830e+02	2.653145e-11	-5.343708e+01
-1.644531e+00	-1.117741e+02	2.658574e-11	-5.342879e+01
-1.640625e+00	-1.117675e+02	2.662617e-11	-5.342050e+01
-1.636719e+00	-1.117595e+02	2.667526e-11	-5.341221e+01
-1.632812e+00	-1.117504e+02	2.673142e-11	-5.340391e+01
-1.628906e+00	-1.117416e+02	2.678574e-11	-5.339562e+01
-1.625000e+00	-1.117315e+02	2.684768e-11	-5.338733e+01
-1.621094e+00	-1.117209e+02	2.691363e-11	-5.337903e+01
-1.617188e+00	-1.117100e+02	2.698095e-11	-5.337072e+01
-1.613281e+00	-1.117013e+02	2.703515e-11	-5.336242e+01
-1.609375e+00	-1.116896e+02	2.710834e-11	-5.335410e+01
-1.605469e+00	-1.116827e+02	2.715136e-11	-5.334580e+01
-1.601562e+00	-1.116700e+02	2.723089e-11	-5.333748e+01
-1.597656e+00	-1.116627e+02	2.727651e-11	-5.332916e+01
-1.593750e+00	-1.116525e+02	2.734104e-11	-5.332084e+01
-1.589844e+00	-1.116448e+02	2.738933e-11	-5.331252e+01
-1.585938e+00	-1.116343e+02	2.745542e-11	-5.330420e+01
-1.582031e+00	-1.116243e+02	2.751913e-11	-5.329588e+01
-1.578125e+00	-1.116134e+02	2.758820e-11	-5.328754e+01
-1.574219e+00	-1.116027e+02	2.765599e-11	-5.327921e+01
-1.570312e+00	-1.115894e+02	2.774056e-11	-5.327087e+01
-1.566406e+00	-1.115777e+02	2.781552e-11	-5.326251e+01
-1.562500e+00	-1.115675e+02	2.788081e-11	-5.325416e+01
-1.558594e+00	-1.115528e+02	2.797572e-11	-5.324579e+01
-1.554688e+00	-1.115443e+02	2.803027e-11	-5.323743e+01
-1.550781e+00	-1.115342e+02	2.809569e-11	-5.322906e+01
-1.546875e+00	-1.115232e+02	2.816677e-11	-5.322068e+01
-1.542969e+00	-1.115136e+02	2.822959e-11	-5.321230e+01
-1.539062e+00	-1.115018e+02	2.830629e-11	-5.320392e+01
-1.535156e+00	-1.114913e+02	2.837463e-11	-5.319553e+01
-1.531250e+00	-1.114788e+02	2.845650e-11	-5.318713e+01
-1.527344e+00	-1.114665e+02	2.853729e-11	-5.317873e+01
-1.523438e+00	-1.114541e+02	2.861856e-11	-5.317032e+01
-1.519531e+00	-1.114398e+02	2.871301e-11	-5.316189e+01
-1.515625e+00	-1.114254e+02	2.880830e-11	-5.315346e+01
-1.511719e+00	-1.114141e+02	2.888370e-11	-5.314502e+01
-1.507812e+00	-1.113997e+02	2.897959e-11	-5.313657e+01
-1.503906e+00	-1.113889e+02	2.905133e-11	-5.312811e+01
-1.500000e+00	-1.113756e+02	2.914092e-11	-5.311964e+01
-1.496094e+00	-1.113649e+02	2.921252e-11	-5.311117e+01
-1.492188e+00	-1.113527e+02	2.929444e-11	-5.310270e+01
-1.488281e+00	-1.113410e+02	2.937403e-11	-5.309421e+01
-1.484375e+00	-1.113279e+02	2.946281e-11	-5.308572e+01
-1.480469e+00	-1.113138e+02	2.955851e-11	-5.307722e+01
-1.476562e+00	-1.112998e+02	2.965350e-11	-5.306870e+01
-1.472656e+00	-1.112845e+02	2.975876e-11	-5.306017e+01
-1.468750e+00	-1.112689e+02	2.986571e-11	-5.305163e+01
-1.464844e+00	-1.112561e+02	2.995337e-11	-5.304308e+01
-1.460938e+00	-1.112388e+02	3.007328e-11	-5.303451e+01
-1.457031e+00	-1.112263e+02	3.016013e-11	-5.302594e+01
-1.453125e+00	-1.112123e+02	3.025735e-11	-5.301735e+01
-1.449219e+00	-1.111991e+02	3.034968e-11	-5.300876e+01
-1.445312e+00	-1.111881e+02	3.042659e-11	-5.300016e+01
-1.441406e+00	-1.111721e+02	3.053872e-11	-5.299154e+01
-1.437500e+00	-1.111587e+02	3.063327e-11	-5.298292e+01
-1.433594e+00	-1.111439e+02	3.073789e-11	-5.297428e+01
-1.429688e+00	-1.111282e+02	3.084863e-11	-5.296563e+01
-1.425781e+00	-1.111099e+02	3.097897e-11	-5.295697e+01
-1.421875e+00	-1.110973e+02	3.106888e-11	-5.294829e+01
-1.417969e+00	-1.110779e+02	3.120800e-11	-5.293959e+01
-1.414062e+00	-1.110604e+02	3.133454e-11	-5.293087e+01
-1.410156e+00	-1.110473e+02	3.142887e-11	-5.292215e+01
-1.406250e+00	-1.110293e+02	3.155941e-11	-5.291340e+01
-1.402344e+00	-1.110170e+02	3.164894e-11	-5.290465e+01
-1.398438e+00	-1.110006e+02	3.176839e-11	-5.289589e+01
-1.394531e+00	-1.109870e+02	3.186814e-11	-5.288711e+01
-1.390625e+00	-1.109704e+02	3.199046e-11	-5.287832e+01
-1.386719e+00	-1.109552e+02	3.210274e-11	-5.286952e+01
-1.382812e+00	-1.109376e+02	3.223305e-11	-5.286069e+01
-1.378906e+00	-1.109204e+02	3.236084e-11	-5.285185e+01
-1.375000e+00	-1.109006e+02	3.250870e-11	-5.284299e+01
-1.371094e+00	-1.108849e+02	3.262676e-11	-5.283412e+01
-1.367188e+00	-1.108649e+02	3.277691e-11	-5.282522e+01
-1.363281e+00	-1.108462e+02	3.291822e-11	-5.281630e+01
-1.359375e+00	-1.108294e+02	3.304619e-11	-5.280736e+01
-1.355469e+00	-1.108147e+02	3.315832e-11	-5.279842e+01
-1.351562e+00	-1.107950e+02	3.330875e-11	-5.278945e+01
-1.347656e+00	-1.107815e+02	3.341296e-11	-5.278047e+01
-1.343750e+00	-1.107623e+02	3.356084e-11	-5.277147e+01
-1.339844e+00	-1.107466e+02	3.368190e-11	-5.276246e+01
-1.335938e+00	-1.107275e+02	3.383075e-11	-5.275342e+01
-1.332031e+00	-1.107089e+02	3.397565e-11	-5.274437e+01
-1.328125e+00	-1.106884e+02	3.413634e-11	-5.273529e+01
-1.324219e+00	-1.106670e+02	3.430518e-11	-5.272619e+01
-1.320312e+00	-1.106499e+02	3.444063e-11	-5.271707e+01
-1.316406e+00	-1.106283e+02	3.461229e-11	-5.270792e+01
-1.312500e+00	-1.106059e+02	3.479158e-11	-5.269875e+01
-1.308594e+00	-1.105902e+02	3.491736e-11	-5.268956e+01
-1.304688e+00	-1.105714e+02	3.506845e-11	-5.268035e+01
-1.300781e+00	-1.105538e+02	3.521148e-11	-5.267112e+01
-1.296875e+00	-1.105337e+02	3.537476e-11	-5.266187e+01
-1.292969e+00	-1.105167e+02	3.551358e-11	-5.265261e+01
-1.289062e+00	-1.104964e+02	3.567948e-11	-5.264332e+01
-1.285156e+00	-1.104750e+02	3.585570e-11	-5.263400e+01
-1.281250e+00	-1.104557e+02	3.601548e-11	-5.262466e+01
-1.277344e+00	-1.104293e+02	3.623476e-11	-5.261529e+01
-1.273438e+00	-1.104125e+02	3.637517e-11	-5.260590e+01
-1.269531e+00	-1.103866e+02	3.659311e-11	-5.259647e+01
-1.265625e+00	-1.103641e+02	3.678365e-11	-5.258702e+01
-1.261719e+00	-1.103460e+02	3.693649e-11	-5.257755e+01
-1.257812e+00	-1.103221e+02	3.714079e-11	-5.256804e+01
-1.253906e+00	-1.103043e+02	3.729360e-11	-5.255852e+01
-1.250000e+00	-1.102839e+02	3.746859e-11	-5.254898e+01
-1.246094e+00	-1.102622e+02	3.765637e-11	-5.253940e+01
-1.242188e+00	-1.102421e+02	3.783151e-11	-5.252981e+01
-1.238281e+00	-1.102197e+02	3.802681e-11	-5.252018e+01
-1.234375e+00	-1.101971e+02	3.822498e-11	-5.251053e+01
-1.230469e+00	-1.101724e+02	3.844284e-11	-5.250084e+01
-1.226562e+00	-1.101466e+02	3.867231e-11	-5.249112e+01
-1.222656e+00	-1.101228e+02	3.888505e-11	-5.248137e+01
-1.218750e+00	-1.101000e+02	3.908949e-11	-5.247158e+01
-1.214844e+00	-1.100747e+02	3.931824e-11	-5.246176e+01
-1.210938e+00	-1.100504e+02	3.953864e-11	-5.245191e+01
-1.207031e+00	-1.100296e+02	3.972797e-11	-5.244204e+01
-1.203125e+00	-1.100084e+02	3.992245e-11	-5.243213e+01
-1.199219e+00	-1.099844e+02	4.014412e-11	-5.242220e+01
-1.195312e+00	-1.099631e+02	4.034133e-11	-5.241224e+01
-1.191406e+00	-1.099386e+02	4.056964e-11	-5.240225e+01
-1.187500e+00	-1.099137e+02	4.080241e-11	-5.239222e+01
-1.183594e+00	-1.098876e+02	4.104880e-11	-5.238215e+01
-1.179688e+00	-1.098610e+02	4.130073e-11	-5.237205e+01
-1.175781e+00	-1.098331e+02	4.156740e-11	-5.236191e+01
-1.171875e+00	-1.098050e+02	4.183734e-11	-5.235172e+01
-1.167969e+00	-1.097783e+02	4.209473e-11	-5.234150e+01
-1.164062e+00	-1.097574e+02	4.229801e-11	-5.233125e+01
-1.160156e+00	-1.097259e+02	4.260586e-11	-5.232094e+01
-1.156250e+00	-1.097051e+02	4.281087e-11	-5.231062e+01
-1.152344e+00	-1.096803e+02	4.305562e-11	-5.230026e+01
-1.148438e+00	-1.096551e+02	4.330589e-11	-5.228986e+01
-1.144531e+00	-1.096307e+02	4.355008e-11	-5.227943e+01
-1.140625e+00	-1.096035e+02	4.382332e-11	-5.226897e+01
-1.136719e+00	-1.095737e+02	4.412587e-11	-5.225845e+01
-1.132812e+00	-1.095466e+02	4.440183e-11	-5.224789e+01
-1.128906e+00	-1.095142e+02	4.473427e-11	-5.223728e+01
-1.125000e+00	-1.094879e+02	4.500567e-11	-5.222664e+01
-1.121094e+00	-1.094554e+02	4.534373e-11	-5.221594e+01
-1.117188e+00	-1.094257e+02	4.565484e-11	-5.220519e+01
-1.113281e+00	-1.094022e+02	4.590341e-11	-5.219441e+01
-1.109375e+00	-1.093694e+02	4.625077e-11	-5.218357e+01
-1.105469e+00	-1.093470e+02	4.649002e-11	-5.217271e+01
-1.101562e+00	-1.093187e+02	4.679368e-11	-5.216180e+01
-1.097656e+00	-1.092903e+02	4.710068e-11	-5.215085e+01
-1.093750e+00	-1.092617e+02	4.741167e-11	-5.213986e+01
-1.089844e+00	-1.092316e+02	4.774225e-11	-5.212881e+01
-1.085938e+00	-1.092002e+02	4.808863e-11	-5.211772e+01
-1.082031e+00	-1.091658e+02	4.847095e-11	-5.210656e+01
-1.078125e+00	-1.091344e+02	4.882268e-11	-5.209536e+01
-1.074219e+00	-1.090995e+02	4.921650e-11	-5.208409e+01
-1.070312e+00	-1.090678e+02	4.957732e-11	-5.207277e+01
-1.066406e+00	-1.090374e+02	4.992513e-11	-5.206139e+01
-1.062500e+00	-1.090069e+02	5.027744e-11	-5.204997e+01
-1.058594e+00	-1.089766e+02	5.062888e-11	-5.203850e+01
-1.054688e+00	-1.089456e+02	5.099154e-11	-5.202698e+01
-1.050781e+00	-1.089175e+02	5.132288e-11	-5.201541e+01
-1.046875e+00	-1.088853e+02	5.170516e-11	-5.200379e+01
-1.042969e+00	-1.088528e+02	5.209285e-11	-5.199211e+01
-1.039062e+00	-1.088172e+02	5.252137e-11	-5.198037e+01
-1.035156e+00	-1.087827e+02	5.294028e-11	-5.196857e+01
-1.031250e+00	-1.087440e+02	5.341504e-11	-5.195669e+01
-1.027344e+00	-1.087085e+02	5.385259e-11	-5.194475e+01
-1.023438e+00	-1.086711e+02	5.431875e-11	-5.193274e+01
-1.019531e+00	-1.086366e+02	5.475194e-11	-5.192066e+01
-1.015625e+00	-1.085996e+02	5.522007e-11	-5.190852e+01
-1.011719e+00	-1.085700e+02	5.559827e-11	-5.189633e+01
-1.007812e+00	-1.085368e+02	5.602420e-11	-5.188407e+01
-1.003906e+00	-1.085031e+02	5.646128e-11	-5.187176e+01
-1.000000e+00	-1.084682e+02	5.691738e-11	-5.185939e+01
-9.960938e-01	-1.084333e+02	5.737549e-11	-5.184695e+01
-9.921875e-01	-1.083959e+02	5.787188e-11	-5.183443e+01
-9.882812e-01	-1.083558e+02	5.840851e-11	-5.182184e+01
-9.843750e-01	-1.083133e+02	5.898361e-11	-5.180916e+01
-9.804688e-01	-1.082732e+02	5.953109e-11	-5.179641e+01
-9.765625e-01	-1.082337e+02	6.007509e-11	-5.178357e+01
-9.726562e-01	-1.081927e+02	6.064400e-11	-5.177065e+01
-9.687500e-01	-1.081523e+02	6.121110e-11	-5.175765e+01
-9.648438e-01	-1.081151e+02	6.173710e-11	-5.174457e+01
-9.609375e-01	-1.080801e+02	6.223699e-11	-5.173143e+01
-9.570312e-01	-1.080433e+02	6.276698e-11	-5.171822e+01
-9.531250e-01	-1.080043e+02	6.333236e-11	-5.170492e+01
-9.492188e-01	-1.079674e+02	6.387378e-11	-5.169156e+01
-9.453125e-01	-1.079252e+02	6.449676e-11	-5.167811e+01
-9.414062e-01	-1.078802e+02	6.516937e-11	-5.166456e+01
-9.375000e-01	-1.078367e+02	6.582414e-11	-5.165091e+01
-9.335938e-01	-1.077897e+02	6.654091e-11	-5.163716e+01
-9.296875e-01	-1.077357e+02	6.737333e-11	-5.162329e+01
-9.257812e-01	-1.076973e+02	6.797248e-11	-5.160933e+01
-9.218750e-01	-1.076499e+02	6.871860e-11	-5.159527e+01
-9.179688e-01	-1.076060e+02	6.941608e-11	-5.158111e+01
-9.140625e-01	-1.075675e+02	7.003424e-11	-5.156687e+01
-9.101562e-01	-1.075260e+02	7.070621e-11	-5.155254e+01
-9.062500e-01	-1.074851e+02	7.137538e-11	-5.153812e+01
-9.023438e-01	-1.074424e+02	7.208025e-11	-5.152361e+01
-8.984375e-01	-1.073967e+02	7.284368e-11	-5.150900e+01
-8.945312e-01	-1.073486e+02	7.365545e-11	-5.149427e+01
-8.906250e-01	-1.072926e+02	7.461130e-11	-5.147940e+01
-8.867188e-01	-1.072432e+02	7.546395e-11	-5.146441e+01
-8.828125e-01	-1.071814e+02	7.654573e-11	-5.144926e+01
-8.789062e-01	-1.071318e+02	7.742499e-11	-5.143399e+01
-8.750000e-01	-1.070771e+02	7.840687e-11	-5.141859e+01
-8.710938e-01	-1.070283e+02	7.929169e-11	-5.140306e+01
-8.671875e-01	-1.069789e+02	8.019832e-11	-5.138741e+01
-8.632812e-01	-1.069398e+02	8.092407e-11	-5.137168e+01
-8.593750e-01	-1.068923e+02	8.181365e-11	-5.135583e+01
-8.554688e-01	-1.068469e+02	8.267378e-11	-5.133987e+01
-8.515625e-01	-1.067950e+02	8.366819e-11	-5.132378e+01
-8.476562e-01	-1.067385e+02	8.476386e-11	-5.130754e+01
-8.437500e-01	-1.066763e+02	8.598669e-11	-5.129113e+01
-8.398438e-01	-1.066063e+02	8.738377e-11	-5.127452e+01
-8.359375e-01	-1.065397e+02	8.873398e-11	-5.125771e+01
-8.320312e-01	-1.064647e+02	9.027968e-11	-5.124068e+01
-8.281250e-01	-1.064113e+02	9.139664e-11	-5.122350e+01
-8.242188e-01	-1.063474e+02	9.275211e-11	-5.120614e+01
-8.203125e-01	-1.062953e+02	9.387102e-11	-5.118864e+01
-8.164062e-01	-1.062507e+02	9.483862e-11	-5.117103e+01
-8.125000e-01	-1.062059e+02	9.582346e-11	-5.115331e+01
-8.085938e-01	-1.061535e+02	9.698532e-11	-5.113545e+01
-8.046875e-01	-1.060966e+02	9.826447e-11	-5.111742e+01
-8.007812e-01	-1.060169e+02	1.000851e-10	-5.109914e+01
-7.968750e-01	-1.059370e+02	1.019431e-10	-5.108060e+01
-7.929688e-01	-1.058280e+02	1.045341e-10	-5.106167e+01
-7.890625e-01	-1.057304e+02	1.069095e-10	-5.104240e+01
-7.851562e-01	-1.056171e+02	1.097361e-10	-5.102270e+01
-7.812500e-01	-1.055342e+02	1.118514e-10	-5.100272e+01
-7.773438e-01	-1.054776e+02	1.133176e-10	-5.098256e+01
-7.734375e-01	-1.054257e+02	1.146815e-10	-5.096226e+01
-7.695312e-01	-1.054137e+02	1.149991e-10	-5.094200e+01
-7.656250e-01	-1.053864e+02	1.157239e-10	-5.092170e+01
-7.617188e-01	-1.052981e+02	1.181013e-10	-5.090109e+01
-7.578125e-01	-1.050956e+02	1.237363e-10	-5.087960e+01
-7.539062e-01	-1.046345e+02	1.375970e-10	-5.085582e+01
-7.500000e-01	-1.039579e+02	1.607941e-10	-5.082820e+01
-7.460938e-01	-1.030023e+02	2.003665e-10	-5.079402e+01
-7.421875e-01	-1.017740e+02	2.658623e-10	-5.074908e+01
-7.382812e-01	-1.004745e+02	3.586036e-10	-5.068920e+01
-7.343750e-01	-9.899615e+01	5.040170e-10	-5.060641e+01
-7.304688e-01	-9.750860e+01	7.099040e-10	-5.049240e+01
-7.265625e-01	-9.599094e+01	1.006853e-09	-5.033568e+01
-7.226562e-01	-9.439486e+01	1.454030e-09	-5.011889e+01
-7.187500e-01	-9.283856e+01	2.080675e-09	-4.982636e+01
-7.148438e-01	-9.167646e+01	2.719032e-09	-4.947157e+01
-7.109375e-01	-9.033829e+01	3.700248e-09	-4.903105e+01
-7.070312e-01	-8.889982e+01	5.153217e-09	-4.848365e+01
-7.031250e-01	-8.755710e+01	7.020212e-09	-4.783409e+01
-6.992188e-01	-8.617358e+01	9.653879e-09	-4.707485e+01
-6.953125e-01	-8.504912e+01	1.250684e-08	-4.625492e+01
-6.914062e-01	-8.407602e+01	1.564796e-08	-4.540825e+01
-6.875000e-01	-8.318930e+01	1.919243e-08	-4.455446e+01
-6.835938e-01	-8.209680e+01	2.468199e-08	-4.365709e+01
-6.796875e-01	-8.119473e+01	3.037995e-08	-4.275885e+01
-6.757812e-01	-8.025907e+01	3.768365e-08	-4.185359e+01
-6.718750e-01	-7.925475e+01	4.748815e-08	-4.092951e+01
-6.679688e-01	-7.831917e+01	5.890379e-08	-4.000323e+01
-6.640625e-01	-7.712871e+01	7.747998e-08	-3.902495e+01
-6.601562e-01	-7.649064e+01	8.974211e-08	-3.811317e+01
-6.562500e-01	-7.595025e+01	1.016331e-07	-3.726933e+01
-6.523438e-01	-7.509651e+01	1.237112e-07	-3.642373e+01
-6.484375e-01	-7.467892e+01	1.361970e-07	-3.565086e+01
-6.445312e-01	-7.434717e+01	1.470085e-07	-3.494691e+01
-6.406250e-01	-7.385327e+01	1.647150e-07	-3.427375e+01
-6.367188e-01	-7.341503e+01	1.822038e-07	-3.363356e+01
-6.328125e-01	-7.307108e+01	1.972206e-07	-3.303279e+01
-6.289062e-01	-7.254071e+01	2.228378e-07	-3.244105e+01
-6.250000e-01	-7.189622e+01	2.584866e-07	-3.184256e+01
-6.210938e-01	-7.128162e+01	2.977819e-07	-3.124198e+01
-6.171875e-01	-7.042683e+01	3.625573e-07	-3.060773e+01
-6.132812e-01	-6.979979e+01	4.188715e-07	-2.997446e+01
-6.093750e-01	-6.955455e+01	4.432048e-07	-2.939185e+01
-6.054688e-01	-6.938320e+01	4.610412e-07	-2.885878e+01
-6.015625e-01	-6.909951e+01	4.921627e-07	-2.835380e+01
-5.976562e-01	-6.811283e+01	6.176992e-07	-2.779325e+01
-5.937500e-01	-6.789705e+01	6.491648e-07	-2.727302e+01
-5.898438e-01	-6.764518e+01	6.879259e-07	-2.678227e+01
-5.859375e-01	-6.705132e+01	7.887289e-07	-2.628039e+01
-5.820312e-01	-6.683526e+01	8.289612e-07	-2.580880e+01
-5.781250e-01	-6.606452e+01	9.899380e-07	-2.530546e+01
-5.742188e-01	-6.583697e+01	1.043189e-06	-2.483146e+01
-5.703125e-01	-6.564166e+01	1.091175e-06	-2.438546e+01
-5.664062e-01	-6.550836e+01	1.125184e-06	-2.396901e+01
-5.625000e-01	-6.520781e+01	1.205809e-06	-2.356302e+01
-5.585938e-01	-6.493476e+01	1.284057e-06	-2.316874e+01
-5.546875e-01	-6.476207e+01	1.336142e-06	-2.279325e+01
-5.507812e-01	-6.424545e+01	1.504926e-06	-2.240589e+01
-5.468750e-01	-6.411986e+01	1.549080e-06	-2.204026e+01
-5.429688e-01	-6.366014e+01	1.722050e-06	-2.166696e+01
-5.390625e-01	-6.323177e+01	1.900566e-06	-2.128910e+01
-5.351562e-01	-6.312620e+01	1.947330e-06	-2.093329e+01
-5.312500e-01	-6.264419e+01	2.175910e-06	-2.056741e+01
-5.273438e-01	-6.269161e+01	2.152281e-06	-2.023351e+01
-5.234375e-01	-6.215608e+01	2.434738e-06	-1.988436e+01
-5.195312e-01	-6.195496e+01	2.550142e-06	-1.954646e+01
-5.156250e-01	-6.217079e+01	2.426502e-06	-1.924766e+01
-5.117188e-01	-6.188427e+01	2.591987e-06	-1.894967e+01
-5.078125e-01	-6.174330e+01	2.677506e-06	-1.866192e+01
-5.039062e-01	-6.130692e+01	2.960519e-06	-1.836449e+01
-5.000000e-01	-6.061131e+01	3.474790e-06	-1.803954e+01
-4.960938e-01	-6.029922e+01	3.733685e-06	-1.771552e+01
-4.921875e-01	-6.012028e+01	3.890742e-06	-1.740177e+01
-4.882812e-01	-5.986922e+01	4.122282e-06	-1.709236e+01
-4.843750e-01	-5.988907e+01	4.103487e-06	-1.680480e+01
-4.804688e-01	-5.994740e+01	4.048741e-06	-1.653860e+01
-4.765625e-01	-5.944153e+01	4.548911e-06	-1.625778e+01
-4.726562e-01	-5.903013e+01	5.000881e-06	-1.596866e+01
-4.687500e-01	-5.911915e+01	4.899426e-06	-1.570293e+01
-4.648438e-01	-5.869254e+01	5.405132e-06	-1.542748e+01
-4.609375e-01	-5.897559e+01	5.064083e-06	-1.518436e+01
-4.570312e-01	-5.865851e+01	5.447643e-06	-1.493718e+01
-4.531250e-01	-5.832069e+01	5.888315e-06	-1.468494e+01
-4.492188e-01	-5.814828e+01	6.126771e-06	-1.443716e+01
-4.453125e-01	-5.791241e+01	6.468735e-06	-1.419004e+01
-4.414062e-01	-5.842456e+01	5.749156e-06	-1.398163e+01
-4.375000e-01	-5.847409e+01	5.683966e-06	-1.378496e+01
-4.335938e-01	-5.820261e+01	6.050611e-06	-1.358496e+01
-4.296875e-01	-5.815494e+01	6.117390e-06	-1.339169e+01
-4.257812e-01	-5.773829e+01	6.733340e-06	-1.318847e+01
-4.218750e-01	-5.769281e+01	6.804233e-06	-1.299233e+01
-4.179688e-01	-5.773580e+01	6.737202e-06	-1.280647e+01
-4.140625e-01	-5.761586e+01	6.925857e-06	-1.262336e+01
-4.101562e-01	-5.740280e+01	7.274104e-06	-1.243901e+01
-4.062500e-01	-5.706771e+01	7.857589e-06	-1.224828e+01
-4.023438e-01	-5.710889e+01	7.783423e-06	-1.206727e+01
-3.984375e-01	-5.656827e+01	8.815223e-06	-1.187099e+01
-3.945312e-01	-5.668358e+01	8.584244e-06	-1.168801e+01
-3.906250e-01	-5.627668e+01	9.427405e-06	-1.149556e+01
-3.867188e-01	-5.642751e+01	9.105600e-06	-1.131744e+01
-3.828125e-01	-5.695078e+01	8.072019e-06	-1.116542e+01
-3.789062e-01	-5.651464e+01	8.924742e-06	-1.100332e+01
-3.750000e-01	-5.625223e+01	9.480618e-06	-1.083750e+01
-3.710938e-01	-5.596527e+01	1.012823e-05	-1.066708e+01
-3.671875e-01	-5.619354e+01	9.609624e-06	-1.051134e+01
-3.632812e-01	-5.620854e+01	9.576472e-06	-1.036151e+01
-3.593750e-01	-5.620101e+01	9.593107e-06	-1.021642e+01
-3.554688e-01	-5.601349e+01	1.001638e-05	-1.006994e+01
-3.515625e-01	-5.550244e+01	1.126721e-05	-9.910858e+00
-3.476562e-01	-5.562757e+01	1.094720e-05	-9.761684e+00
-3.437500e-01	-5.545778e+01	1.138367e-05	-9.611812e+00
-3.398438e-01	-5.543661e+01	1.143929e-05	-9.466244e+00
-3.359375e-01	-5.525882e+01	1.191729e-05	-9.319610e+00
-3.320312e-01	-5.486690e+01	1.304276e-05	-9.164606e+00
-3.281250e-01	-5.496269e+01	1.275825e-05	-9.018155e+00
-3.242188e-01	-5.449919e+01	1.419518e-05	-8.860811e+00
-3.203125e-01	-5.448221e+01	1.425079e-05	-8.708384e+00
-3.164062e-01	-5.482947e+01	1.315568e-05	-8.572267e+00
-3.125000e-01	-5.476364e+01	1.335661e-05	-8.438302e+00
-3.085938e-01	-5.504264e+01	1.252553e-05	-8.316320e+00
-3.046875e-01	-5.466046e+01	1.367773e-05	-8.186917e+00
-3.007812e-01	-5.459008e+01	1.390119e-05	-8.059235e+00
-2.968750e-01	-5.496910e+01	1.273944e-05	-7.945431e+00
-2.929688e-01	-5.498810e+01	1.268380e-05	-7.835012e+00
-2.890625e-01	-5.493383e+01	1.284331e-05	-7.725993e+00
-2.851562e-01	-5.480151e+01	1.324063e-05	-7.616396e+00
-2.812500e-01	-5.494254e+01	1.281757e-05	-7.512871e+00
-2.773438e-01	-5.501984e+01	1.259147e-05	-7.413521e+00
-2.734375e-01	-5.506164e+01	1.247084e-05	-7.317312e+00
-2.695312e-01	-5.485385e+01	1.308202e-05	-7.218628e+00
-2.656250e-01	-5.462923e+01	1.377644e-05	-7.117074e+00
-2.617188e-01	-5.472980e+01	1.346107e-05	-7.020087e+00
-2.578125e-01	-5.417865e+01	1.528254e-05	-6.912540e+00
-2.539062e-01	-5.404205e+01	1.577086e-05	-6.804279e+00
-2.500000e-01	-5.408398e+01	1.561931e-05	-6.699655e+00
-2.460938e-01	-5.451148e+01	1.415508e-05	-6.606968e+00
-2.421875e-01	-5.497289e+01	1.272832e-05	-6.525279e+00
-2.382812e-01	-5.483615e+01	1.313544e-05	-6.442558e+00
-2.343750e-01	-5.495556e+01	1.277921e-05	-6.363565e+00
-2.304688e-01	-5.468830e+01	1.359034e-05	-6.281105e+00
-2.265625e-01	-5.477849e+01	1.331101e-05	-6.201830e+00
-2.226562e-01	-5.470022e+01	1.355308e-05	-6.122573e+00
-2.187500e-01	-5.472218e+01	1.348472e-05	-6.045126e+00
-2.148438e-01	-5.518664e+01	1.211701e-05	-5.976693e+00
-2.109375e-01	-5.507278e+01	1.243889e-05	-5.907546e+00
-2.070312e-01	-5.500966e+01	1.262100e-05	-5.838494e+00
-2.031250e-01	-5.456269e+01	1.398915e-05	-5.763218e+00
-1.992188e-01	-5.437128e+01	1.461949e-05	-5.685920e+00
-1.953125e-01	-5.466841e+01	1.365270e-05	-5.614956e+00
-1.914062e-01	-5.454517e+01	1.404570e-05	-5.543138e+00
-1.875000e-01	-5.494433e+01	1.281229e-05	-5.478648e+00
-1.835938e-01	-5.477296e+01	1.332798e-05	-5.412562e+00
-1.796875e-01	-5.453010e+01	1.409452e-05	-5.343753e+00
-1.757812e-01	-5.489625e+01	1.295493e-05	-5.281455e+00
-1.718750e-01	-5.502518e+01	1.257599e-05	-5.221822e+00
-1.679688e-01	-5.468153e+01	1.361154e-05	-5.158188e+00
-1.640625e-01	-5.445562e+01	1.433832e-05	-5.092150e+00
-1.601562e-01	-5.444925e+01	1.435935e-05	-5.027006e+00
-1.562500e-01	-5.468202e+01	1.360999e-05	-4.966151e+00
-1.523438e-01	-5.482037e+01	1.318325e-05	-4.908006e+00
-1.484375e-01	-5.500082e+01	1.264671e-05	-4.852950e+00
-1.445312e-01	-5.470506e+01	1.353800e-05	-4.794776e+00
-1.406250e-01	-5.473948e+01	1.343112e-05	-4.737822e+00
-1.367188e-01	-5.479170e+01	1.327057e-05	-4.682274e+00
-1.328125e-01	-5.484228e+01	1.311692e-05	-4.628057e+00
-1.289062e-01	-5.513449e+01	1.226340e-05	-4.577974e+00
-1.250000e-01	-5.443079e+01	1.442052e-05	-4.519810e+00
-1.210938e-01	-5.447024e+01	1.429012e-05	-4.462931e+00
-1.171875e-01	-5.435723e+01	1.466684e-05	-4.405316e+00
-1.132812e-01	-5.481911e+01	1.318708e-05	-4.354159e+00
-1.093750e-01	-5.514515e+01	1.223334e-05	-4.307235e+00
-1.054688e-01	-5.494172e+01	1.282000e-05	-4.258599e+00
-1.015625e-01	-5.489913e+01	1.294635e-05	-4.210029e+00
-9.765625e-02	-5.483601e+01	1.313588e-05	-4.161298e+00
-9.375000e-02	-5.493313e+01	1.284539e-05	-4.114168e+00
-8.984375e-02	-5.454022e+01	1.406171e-05	-4.063154e+00
-8.593750e-02	-5.471717e+01	1.350029e-05	-4.014734e+00
-8.203125e-02	-5.433912e+01	1.472816e-05	-3.962520e+00
-7.812500e-02	-5.406956e+01	1.567128e-05	-3.907642e+00
-7.421875e-02	-5.422963e+01	1.510416e-05	-3.855399e+00
-7.031250e-02	-5.448710e+01	1.423475e-05	-3.806731e+00
-6.640625e-02	-5.456852e+01	1.397037e-05	-3.759492e+00
-6.250000e-02	-5.453018e+01	1.409426e-05	-3.712349e+00
-5.859375e-02	-5.430298e+01	1.485121e-05	-3.663222e+00
-5.468750e-02	-5.454634e+01	1.404191e-05	-3.617277e+00
-5.078125e-02	-5.465658e+01	1.368994e-05	-3.572948e+00
-4.687500e-02	-5.474954e+01	1.340003e-05	-3.529991e+00
-4.296875e-02	-5.486944e+01	1.303514e-05	-3.488607e+00
-3.906250e-02	-5.479921e+01	1.324764e-05	-3.446949e+00
-3.515625e-02	-5.446063e+01	1.432178e-05	-3.402358e+00
-3.125000e-02	-5.365121e+01	1.725594e-05	-3.349233e+00
-2.734375e-02	-5.377012e+01	1.678989e-05	-3.298159e+00
-2.343750e-02	-5.453426e+01	1.408101e-05	-3.255783e+00
-1.953125e-02	-5.474245e+01	1.342192e-05	-3.215773e+00
-1.562500e-02	-5.477127e+01	1.333317e-05	-3.176388e+00
-1.171875e-02	-5.468084e+01	1.361369e-05	-3.136541e+00
-7.812500e-03	-5.477836e+01	1.331140e-05	-3.097928e+00
-3.906250e-03	-5.589290e+01	1.029840e-05	-3.068289e+00
0.000000e+00	-5.823095e+01	6.011253e-06	-3.051081e+00
3.906250e-03	-5.533019e+01	1.172306e-05	-3.017718e+00
7.812500e-03	-5.384327e+01	1.650947e-05	-2.971164e+00
1.171875e-02	-5.407818e+01	1.564017e-05	-2.927517e+00
1.562500e-02	-5.432870e+01	1.476353e-05	-2.886714e+00
1.953125e-02	-5.466926e+01	1.365003e-05	-2.849327e+00
2.343750e-02	-5.476720e+01	1.334565e-05	-2.813083e+00
2.734375e-02	-5.465524e+01	1.369418e-05	-2.776203e+00
3.125000e-02	-5.446410e+01	1.431034e-05	-2.737996e+00
3.515625e-02	-5.483666e+01	1.313390e-05	-2.703224e+00
3.906250e-02	-5.492110e+01	1.288101e-05	-2.669389e+00
4.296875e-02	-5.479943e+01	1.324700e-05	-2.634865e+00
4.687500e-02	-5.451987e+01	1.412775e-05	-2.598347e+00
5.078125e-02	-5.423933e+01	1.507048e-05	-2.559726e+00
5.468750e-02	-5.452074e+01	1.412493e-05	-2.523839e+00
5.859375e-02	-5.496094e+01	1.276340e-05	-2.491663e+00
6.250000e-02	-5.489595e+01	1.295582e-05	-2.459244e+00
6.640625e-02	-5.477079e+01	1.333464e-05	-2.426129e+00
7.031250e-02	-5.492274e+01	1.287615e-05	-2.394390e+00
7.421875e-02	-5.482123e+01	1.318064e-05	-2.362138e+00
7.812500e-02	-5.459116e+01	1.389772e-05	-2.328390e+00
8.203125e-02	-5.416195e+01	1.534138e-05	-2.291438e+00
8.593750e-02	-5.450260e+01	1.418403e-05	-2.257551e+00
8.984375e-02	-5.451738e+01	1.413586e-05	-2.224040e+00
9.375000e-02	-5.445639e+01	1.433577e-05	-2.190317e+00
9.765625e-02	-5.488840e+01	1.297836e-05	-2.160012e+00
1.015625e-01	-5.503446e+01	1.254915e-05	-2.130908e+00
1.054688e-01	-5.484467e+01	1.310970e-05	-2.100712e+00
1.093750e-01	-5.483058e+01	1.315232e-05	-2.070627e+00
1.132812e-01	-5.512038e+01	1.230332e-05	-2.042671e+00
1.171875e-01	-5.500399e+01	1.263749e-05	-2.014142e+00
1.210938e-01	-5.464650e+01	1.372178e-05	-1.983376e+00
1.250000e-01	-5.427334e+01	1.495291e-05	-1.950096e+00
1.289062e-01	-5.398277e+01	1.598759e-05	-1.914793e+00
1.328125e-01	-5.430438e+01	1.484642e-05	-1.882265e+00
1.367188e-01	-5.443684e+01	1.440044e-05	-1.850945e+00
1.406250e-01	-5.430076e+01	1.485882e-05	-1.818863e+00
1.445312e-01	-5.453313e+01	1.408469e-05	-1.788670e+00
1.484375e-01	-5.456045e+01	1.399636e-05	-1.758873e+00
1.523438e-01	-5.470269e+01	1.354536e-05	-1.730229e+00
1.562500e-01	-5.451482e+01	1.414419e-05	-1.700520e+00
1.601562e-01	-5.476431e+01	1.335454e-05	-1.672654e+00
1.640625e-01	-5.493693e+01	1.283414e-05	-1.646041e+00
1.679688e-01	-5.486274e+01	1.305527e-05	-1.619137e+00
1.718750e-01	-5.422580e+01	1.511749e-05	-1.588189e+00
1.757812e-01	-5.384273e+01	1.651153e-05	-1.554637e+00
1.796875e-01	-5.392749e+01	1.619241e-05	-1.521984e+00
1.835938e-01	-5.456519e+01	1.398108e-05	-1.493986e+00
1.875000e-01	-5.490047e+01	1.294234e-05	-1.468229e+00
1.914062e-01	-5.499197e+01	1.267253e-05	-1.443155e+00
1.953125e-01	-5.492278e+01	1.287603e-05	-1.417826e+00
1.992188e-01	-5.492152e+01	1.287975e-05	-1.392637e+00
2.031250e-01	-5.457076e+01	1.396316e-05	-1.365493e+00
2.070312e-01	-5.437904e+01	1.459340e-05	-1.337304e+00
2.109375e-01	-5.462338e+01	1.379500e-05	-1.310824e+00
2.148438e-01	-5.465611e+01	1.369144e-05	-1.284702e+00
2.187500e-01	-5.493062e+01	1.285280e-05	-1.260322e+00
2.226562e-01	-5.485672e+01	1.307337e-05	-1.235663e+00
2.265625e-01	-5.499305e+01	1.266937e-05	-1.211899e+00
2.304688e-01	-5.512311e+01	1.229558e-05	-1.188960e+00
2.343750e-01	-5.485951e+01	1.306498e-05	-1.164718e+00
2.382812e-01	-5.468042e+01	1.361502e-05	-1.139598e+00
2.421875e-01	-5.486762e+01	1.304062e-05	-1.115673e+00
2.460938e-01	-5.474201e+01	1.342328e-05	-1.091183e+00
2.500000e-01	-5.464401e+01	1.372963e-05	-1.066277e+00
2.539062e-01	-5.455334e+01	1.401929e-05	-1.040991e+00
2.578125e-01	-5.450158e+01	1.418737e-05	-1.015551e+00
2.617188e-01	-5.442393e+01	1.444332e-05	-9.898048e-01
2.656250e-01	-5.466915e+01	1.365038e-05	-9.656113e-01
2.695312e-01	-5.465964e+01	1.368030e-05	-9.414992e-01
2.734375e-01	-5.447642e+01	1.426979e-05	-9.164899e-01
2.773438e-01	-5.426026e+01	1.499803e-05	-8.903586e-01
2.812500e-01	-5.398624e+01	1.597481e-05	-8.626973e-01
2.851562e-01	-5.487729e+01	1.301161e-05	-8.402964e-01
2.890625e-01	-5.523262e+01	1.198943e-05	-8.197572e-01
2.929688e-01	-5.508398e+01	1.240687e-05	-7.986045e-01
2.968750e-01	-5.511747e+01	1.231154e-05	-7.777158e-01
3.007812e-01	-5.488239e+01	1.299635e-05	-7.557736e-01
3.046875e-01	-5.497889e+01	1.271074e-05	-7.344203e-01
3.085938e-01	-5.529345e+01	1.182264e-05	-7.146527e-01
3.125000e-01	-5.552320e+01	1.121348e-05	-6.959865e-01
3.164062e-01	-5.546819e+01	1.135640e-05	-6.771638e-01
3.203125e-01	-5.555235e+01	1.113846e-05	-6.587812e-01
3.242188e-01	-5.551613e+01	1.123174e-05	-6.403231e-01
3.281250e-01	-5.533489e+01	1.171037e-05	-6.211616e-01
3.320312e-01	-5.520395e+01	1.206884e-05	-6.015016e-01
3.359375e-01	-5.475749e+01	1.337553e-05	-5.798166e-01
3.398438e-01	-5.481997e+01	1.318449e-05	-5.585467e-01
3.437500e-01	-5.508519e+01	1.240341e-05	-5.386315e-01
3.476562e-01	-5.495492e+01	1.278110e-05	-5.182050e-01
3.515625e-01	-5.521874e+01	1.202778e-05	-4.990697e-01
3.554688e-01	-5.554020e+01	1.116965e-05	-4.813749e-01
3.593750e-01	-5.570109e+01	1.076344e-05	-4.643915e-01
3.632812e-01	-5.591260e+01	1.025179e-05	-4.482770e-01
3.671875e-01	-5.618747e+01	9.623053e-06	-4.332050e-01
3.710938e-01	-5.627624e+01	9.428350e-06	-4.184885e-01
3.750000e-01	-5.621028e+01	9.572653e-06	-4.035976e-01
3.789062e-01	-5.617346e+01	9.654149e-06	-3.886314e-01
3.828125e-01	-5.587692e+01	1.033637e-05	-3.726647e-01
3.867188e-01	-5.580301e+01	1.051378e-05	-3.564838e-01
3.906250e-01	-5.616112e+01	9.681609e-06	-3.416369e-01
3.945312e-01	-5.655002e+01	8.852329e-06	-3.281059e-01
3.984375e-01	-5.684279e+01	8.275244e-06	-3.154950e-01
4.023438e-01	-5.638376e+01	9.197808e-06	-3.015210e-01
4.062500e-01	-5.669065e+01	8.570270e-06	-2.885408e-01
4.101562e-01	-5.699138e+01	7.996910e-06	-2.764639e-01
4.140625e-01	-5.686799e+01	8.227364e-06	-2.640738e-01
4.179688e-01	-5.716758e+01	7.678956e-06	-2.525415e-01
4.218750e-01	-5.688688e+01	8.191660e-06	-2.402728e-01
4.257812e-01	-5.712565e+01	7.753449e-06	-2.286923e-01
4.296875e-01	-5.741061e+01	7.261045e-06	-2.178752e-01
4.335938e-01	-5.775378e+01	6.709371e-06	-2.079038e-01
4.375000e-01	-5.790242e+01	6.483624e-06	-1.982896e-01
4.414062e-01	-5.808689e+01	6.213998e-06	-1.890952e-01
4.453125e-01	-5.836708e+01	5.825756e-06	-1.804929e-01
4.492188e-01	-5.830615e+01	5.908068e-06	-1.717864e-01
4.531250e-01	-5.862007e+01	5.496084e-06	-1.637026e-01
4.570312e-01	-5.860349e+01	5.517103e-06	-1.556031e-01
4.609375e-01	-5.857432e+01	5.554285e-06	-1.474642e-01
4.648438e-01	-5.888631e+01	5.169271e-06	-1.399031e-01
4.687500e-01	-5.881282e+01	5.257486e-06	-1.322265e-01
4.726562e-01	-5.927202e+01	4.729969e-06	-1.253317e-01
4.765625e-01	-5.917257e+01	4.839532e-06	-1.182885e-01
4.804688e-01	-5.936804e+01	4.626539e-06	-1.115660e-01
4.843750e-01	-6.004329e+01	3.960324e-06	-1.058197e-01
4.882812e-01	-6.018376e+01	3.834286e-06	-1.002636e-01
4.921875e-01	-6.048003e+01	3.581437e-06	-9.508026e-02
4.960938e-01	-6.049757e+01	3.567003e-06	-8.992396e-02
5.000000e-01	-6.026167e+01	3.766111e-06	-8.448647e-02
5.039062e-01	-6.039505e+01	3.652201e-06	-7.921994e-02
5.078125e-01	-6.064554e+01	3.447515e-06	-7.425442e-02
5.117188e-01	-6.081210e+01	3.317797e-06	-6.948109e-02
5.156250e-01	-6.123055e+01	3.013040e-06	-6.515076e-02
5.195312e-01	-6.168222e+01	2.715424e-06	-6.125186e-02
5.234375e-01	-6.161684e+01	2.756616e-06	-5.729739e-02
5.273438e-01	-6.160977e+01	2.761108e-06	-5.334008e-02
5.312500e-01	-6.211511e+01	2.457814e-06	-4.982049e-02
5.351562e-01	-6.215088e+01	2.437654e-06	-4.633259e-02
5.390625e-01	-6.285172e+01	2.074380e-06	-4.336668e-02
5.429688e-01	-6.301259e+01	1.998946e-06	-4.051054e-02
5.468750e-01	-6.313518e+01	1.943311e-06	-3.773569e-02
5.507812e-01	-6.339927e+01	1.828659e-06	-3.512617e-02
5.546875e-01	-6.358271e+01	1.753030e-06	-3.262605e-02
5.585938e-01	-6.447981e+01	1.425866e-06	-3.059357e-02
5.625000e-01	-6.492480e+01	1.287003e-06	-2.875986e-02
5.664062e-01	-6.505561e+01	1.248818e-06	-2.698129e-02
5.703125e-01	-6.540645e+01	1.151900e-06	-2.534139e-02
5.742188e-01	-6.540641e+01	1.151911e-06	-2.370210e-02
5.781250e-01	-6.578376e+01	1.056049e-06	-2.219978e-02
5.820312e-01	-6.630844e+01	9.358711e-07	-2.086885e-02
5.859375e-01	-6.669368e+01	8.564299e-07	-1.965126e-02
5.898438e-01	-6.706424e+01	7.863864e-07	-1.853355e-02
5.937500e-01	-6.731510e+01	7.422496e-07	-1.747883e-02
5.976562e-01	-6.790680e+01	6.477087e-07	-1.655867e-02
6.015625e-01	-6.793965e+01	6.428289e-07	-1.564562e-02
6.054688e-01	-6.847608e+01	5.681355e-07	-1.483883e-02
6.093750e-01	-6.857145e+01	5.557948e-07	-1.404971e-02
6.132812e-01	-6.900155e+01	5.033906e-07	-1.333512e-02
6.171875e-01	-6.978376e+01	4.204206e-07	-1.273840e-02
6.210938e-01	-6.976477e+01	4.222627e-07	-1.213914e-02
6.250000e-01	-7.004286e+01	3.960723e-07	-1.157713e-02
6.289062e-01	-7.036290e+01	3.679336e-07	-1.105511e-02
6.328125e-01	-7.118146e+01	3.047290e-07	-1.062282e-02
6.367188e-01	-7.196489e+01	2.544315e-07	-1.026191e-02
6.406250e-01	-7.275640e+01	2.120409e-07	-9.961149e-03
6.445312e-01	-7.345672e+01	1.804630e-07	-9.705198e-03
6.484375e-01	-7.371944e+01	1.698697e-07	-9.464286e-03
6.523438e-01	-7.439514e+01	1.453939e-07	-9.258096e-03
6.562500e-01	-7.460588e+01	1.385071e-07	-9.061682e-03
6.601562e-01	-7.476367e+01	1.335652e-07	-8.872284e-03
6.640625e-01	-7.459756e+01	1.387726e-07	-8.675511e-03
6.679688e-01	-7.432641e+01	1.477131e-07	-8.466070e-03
6.718750e-01	-7.466647e+01	1.365882e-07	-8.272413e-03
6.757812e-01	-7.539552e+01	1.154802e-07	-8.108689e-03
6.796875e-01	-7.645203e+01	9.054353e-08	-7.980324e-03
6.835938e-01	-7.792910e+01	6.443913e-08	-7.888970e-03
6.875000e-01	-7.946824e+01	4.521018e-08	-7.824878e-03
6.914062e-01	-8.129653e+01	2.967608e-08	-7.782808e-03
6.953125e-01	-8.228638e+01	2.362773e-08	-7.749313e-03
6.992188e-01	-8.228799e+01	2.361895e-08	-7.715830e-03
7.031250e-01	-8.164867e+01	2.736482e-08	-7.677038e-03
7.070312e-01	-8.076531e+01	3.353736e-08	-7.629495e-03
7.109375e-01	-8.035566e+01	3.685480e-08	-7.577251e-03
7.148438e-01	-8.029318e+01	3.738885e-08	-7.524250e-03
7.187500e-01	-8.101917e+01	3.163317e-08	-7.479409e-03
7.226562e-01	-8.240476e+01	2.299241e-08	-7.446817e-03
7.265625e-01	-8.444883e+01	1.436076e-08	-7.426460e-03
7.304688e-01	-8.779946e+01	6.639180e-09	-7.417049e-03
7.343750e-01	-9.286140e+01	2.069759e-09	-7.414115e-03
7.382812e-01	-9.520912e+01	1.205446e-09	-7.412406e-03
7.421875e-01	-9.126413e+01	2.989832e-09	-7.408168e-03
7.460938e-01	-8.862175e+01	5.493955e-09	-7.400381e-03
7.500000e-01	-8.778336e+01	6.663825e-09	-7.390935e-03
7.539062e-01	-8.850809e+01	5.639634e-09	-7.382940e-03
7.578125e-01	-9.143360e+01	2.875408e-09	-7.378864e-03
7.617188e-01	-9.696964e+01	8.037033e-10	-7.377725e-03
7.656250e-01	-9.512096e+01	1.230166e-09	-7.375981e-03
7.695312e-01	-8.838845e+01	5.797156e-09	-7.367764e-03
7.734375e-01	-8.440316e+01	1.451255e-08	-7.347193e-03
7.773438e-01	-8.294704e+01	2.029347e-08	-7.318427e-03
7.812500e-01	-8.195837e+01	2.548138e-08	-7.282308e-03
7.851562e-01	-8.133018e+01	2.944708e-08	-7.240568e-03
7.890625e-01	-8.164292e+01	2.740108e-08	-7.201728e-03
7.929688e-01	-8.256266e+01	2.217146e-08	-7.170302e-03
7.968750e-01	-8.479554e+01	1.325886e-08	-7.151508e-03
8.007812e-01	-8.932460e+01	4.673042e-09	-7.144884e-03
8.046875e-01	-9.579249e+01	1.053927e-09	-7.143391e-03
8.085938e-01	-9.089753e+01	3.253173e-09	-7.138779e-03
8.125000e-01	-8.555552e+01	1.113032e-08	-7.123003e-03
8.164062e-01	-8.229306e+01	2.359140e-08	-7.089564e-03
8.203125e-01	-8.027920e+01	3.750936e-08	-7.036399e-03
8.242188e-01	-7.911376e+01	4.905513e-08	-6.966869e-03
8.281250e-01	-7.825824e+01	5.973595e-08	-6.882203e-03
8.320312e-01	-7.831592e+01	5.894782e-08	-6.798654e-03
8.359375e-01	-7.947670e+01	4.512218e-08	-6.734703e-03
8.398438e-01	-8.092192e+01	3.234950e-08	-6.688855e-03
8.437500e-01	-8.379141e+01	1.670779e-08	-6.665175e-03
8.476562e-01	-8.886829e+01	5.190761e-09	-6.657818e-03
8.515625e-01	-9.526734e+01	1.189395e-09	-6.656133e-03
8.554688e-01	-8.936949e+01	4.624993e-09	-6.649578e-03
8.593750e-01	-8.463467e+01	1.375920e-08	-6.630078e-03
8.632812e-01	-8.172519e+01	2.688692e-08	-6.591972e-03
8.671875e-01	-7.978197e+01	4.205941e-08	-6.532364e-03
8.710938e-01	-7.871589e+01	5.376141e-08	-6.456173e-03
8.750000e-01	-7.797948e+01	6.369594e-08	-6.365904e-03
8.789062e-01	-7.795941e+01	6.399101e-08	-6.275219e-03
8.828125e-01	-7.907893e+01	4.945011e-08	-6.205142e-03
8.867188e-01	-8.089624e+01	3.254141e-08	-6.159027e-03
8.906250e-01	-8.379060e+01	1.671092e-08	-6.135346e-03
8.945312e-01	-8.779489e+01	6.646164e-09	-6.125928e-03
8.984375e-01	-9.436135e+01	1.465293e-09	-6.123852e-03
9.023438e-01	-9.050425e+01	3.561515e-09	-6.118805e-03
9.062500e-01	-8.474205e+01	1.342315e-08	-6.099783e-03
9.101562e-01	-8.171303e+01	2.696233e-08	-6.061575e-03
9.140625e-01	-7.934858e+01	4.647315e-08	-5.995720e-03
9.179688e-01	-7.835914e+01	5.836418e-08	-5.913016e-03
9.218750e-01	-7.800679e+01	6.329662e-08	-5.823325e-03
9.257812e-01	-7.821632e+01	6.031540e-08	-5.737859e-03
9.296875e-01	-7.893724e+01	5.109003e-08	-5.665467e-03
9.335938e-01	-8.031396e+01	3.721036e-08	-5.612743e-03
9.375000e-01	-8.252578e+01	2.236054e-08	-5.581060e-03
9.414062e-01	-8.611069e+01	9.794703e-09	-5.567181e-03
9.453125e-01	-9.218470e+01	2.418746e-09	-5.563754e-03
9.492188e-01	-9.292367e+01	2.040295e-09	-5.560863e-03
9.531250e-01	-8.620900e+01	9.575475e-09	-5.547296e-03
9.570312e-01	-8.263458e+01	2.180730e-08	-5.516397e-03
9.609375e-01	-8.017610e+01	3.841048e-08	-5.461974e-03
9.648438e-01	-7.915239e+01	4.862066e-08	-5.393085e-03
9.687500e-01	-7.828322e+01	5.939331e-08	-5.308935e-03
9.726562e-01	-7.804955e+01	6.267655e-08	-5.220134e-03
9.765625e-01	-7.880272e+01	5.269727e-08	-5.145473e-03
9.804688e-01	-7.989213e+01	4.100599e-08	-5.087378e-03
9.843750e-01	-8.181469e+01	2.633853e-08	-5.050063e-03
9.882812e-01	-8.450783e+01	1.416698e-08	-5.029992e-03
9.921875e-01	-8.948740e+01	4.501112e-09	-5.023615e-03
9.960938e-01	-9.504734e+01	1.251198e-09	-5.021842e-03
1.000000e+00	-8.850866e+01	5.638890e-09	-5.013854e-03
1.003906e+00	-8.369305e+01	1.709052e-08	-4.989641e-03
1.007812e+00	-8.104169e+01	3.146958e-08	-4.945058e-03
1.011719e+00	-7.958629e+01	4.399782e-08	-4.882726e-03
1.015625e+00	-7.840185e+01	5.779295e-08	-4.800853e-03
1.019531e+00	-7.774252e+01	6.726787e-08	-4.705558e-03
1.023438e+00	-7.820944e+01	6.041100e-08	-4.619979e-03
1.027344e+00	-7.874554e+01	5.339569e-08	-4.544340e-03
1.031250e+00	-8.060306e+01	3.481403e-08	-4.495024e-03
1.035156e+00	-8.302879e+01	1.991501e-08	-4.466813e-03
1.039062e+00	-8.672073e+01	8.511135e-09	-4.454756e-03
1.042969e+00	-9.342506e+01	1.817835e-09	-4.452181e-03
1.046875e+00	-9.208227e+01	2.476469e-09	-4.448673e-03
1.050781e+00	-8.646893e+01	9.019170e-09	-4.435897e-03
1.054688e+00	-8.295879e+01	2.023864e-08	-4.407229e-03
1.058594e+00	-8.070987e+01	3.396824e-08	-4.359112e-03
1.062500e+00	-7.957796e+01	4.408226e-08	-4.296669e-03
1.066406e+00	-7.872580e+01	5.363886e-08	-4.220691e-03
1.070312e+00	-7.871536e+01	5.376802e-08	-4.144531e-03
1.074219e+00	-7.940047e+01	4.592119e-08	-4.079487e-03
1.078125e+00	-8.049993e+01	3.565061e-08	-4.028991e-03
1.082031e+00	-8.232897e+01	2.339715e-08	-3.995851e-03
1.085938e+00	-8.523285e+01	1.198879e-08	-3.978870e-03
1.089844e+00	-9.053746e+01	3.534387e-09	-3.973864e-03
1.093750e+00	-9.568863e+01	1.079437e-09	-3.972335e-03
1.097656e+00	-8.904763e+01	4.980771e-09	-3.965280e-03
1.101562e+00	-8.395914e+01	1.607483e-08	-3.942512e-03
1.105469e+00	-8.166567e+01	2.725792e-08	-3.903905e-03
1.109375e+00	-8.052640e+01	3.543402e-08	-3.853718e-03
1.113281e+00	-7.933472e+01	4.662170e-08	-3.787686e-03
1.117188e+00	-7.884942e+01	5.213360e-08	-3.713848e-03
1.121094e+00	-7.883486e+01	5.230867e-08	-3.639764e-03
1.125000e+00	-7.994084e+01	4.054866e-08	-3.582336e-03
1.128906e+00	-8.162904e+01	2.748883e-08	-3.543405e-03
1.132812e+00	-8.402099e+01	1.584751e-08	-3.520961e-03
1.136719e+00	-8.819734e+01	6.057957e-09	-3.512381e-03
1.140625e+00	-9.467447e+01	1.363368e-09	-3.510451e-03
1.144531e+00	-9.284898e+01	2.075686e-09	-3.507511e-03
1.148438e+00	-8.657055e+01	8.810584e-09	-3.495033e-03
1.152344e+00	-8.327623e+01	1.881211e-08	-3.468391e-03
1.156250e+00	-8.101135e+01	3.169024e-08	-3.423511e-03
1.160156e+00	-7.944049e+01	4.549998e-08	-3.359074e-03
1.164062e+00	-7.901683e+01	5.016223e-08	-3.288035e-03
1.167969e+00	-7.869152e+01	5.406401e-08	-3.211472e-03
1.171875e+00	-7.911914e+01	4.899435e-08	-3.142090e-03
1.175781e+00	-8.069918e+01	3.405198e-08	-3.093869e-03
1.179688e+00	-8.244340e+01	2.278874e-08	-3.061598e-03
1.183594e+00	-8.579911e+01	1.052323e-08	-3.046696e-03
1.187500e+00	-9.121923e+01	3.020902e-09	-3.042418e-03
1.191406e+00	-9.632966e+01	9.313091e-10	-3.041099e-03
1.195312e+00	-8.975938e+01	4.227876e-09	-3.035112e-03
1.199219e+00	-8.529010e+01	1.183177e-08	-3.018358e-03
1.203125e+00	-8.260391e+01	2.196183e-08	-2.987258e-03
1.207031e+00	-8.075223e+01	3.363853e-08	-2.939624e-03
1.210938e+00	-7.999915e+01	4.000787e-08	-2.882971e-03
1.214844e+00	-7.984045e+01	4.149685e-08	-2.824211e-03
1.218750e+00	-8.022660e+01	3.796645e-08	-2.770450e-03
1.222656e+00	-8.097182e+01	3.197996e-08	-2.725167e-03
1.226562e+00	-8.217030e+01	2.426780e-08	-2.690804e-03
1.230469e+00	-8.475533e+01	1.338218e-08	-2.671856e-03
1.234375e+00	-8.840711e+01	5.772297e-09	-2.663682e-03
1.238281e+00	-9.483696e+01	1.313301e-09	-2.661823e-03
1.242188e+00	-9.346865e+01	1.799677e-09	-2.659274e-03
1.246094e+00	-8.786022e+01	6.546938e-09	-2.650004e-03
1.250000e+00	-8.473472e+01	1.344584e-08	-2.630965e-03
1.253906e+00	-8.241159e+01	2.295624e-08	-2.598461e-03
1.257812e+00	-8.132842e+01	2.945899e-08	-2.556749e-03
1.261719e+00	-8.047525e+01	3.585378e-08	-2.505983e-03
1.265625e+00	-8.049597e+01	3.568311e-08	-2.455459e-03
1.269531e+00	-8.095679e+01	3.209082e-08	-2.410022e-03
1.273438e+00	-8.199859e+01	2.524646e-08	-2.374276e-03
1.277344e+00	-8.431229e+01	1.481940e-08	-2.353294e-03
1.281250e+00	-8.730462e+01	7.440434e-09	-2.342760e-03
1.285156e+00	-9.239586e+01	2.303953e-09	-2.339498e-03
1.289062e+00	-9.766891e+01	6.841785e-10	-2.338529e-03
1.292969e+00	-9.109558e+01	3.108150e-09	-2.334128e-03
1.296875e+00	-8.663224e+01	8.686333e-09	-2.321830e-03
1.300781e+00	-8.366792e+01	1.718969e-08	-2.297492e-03
1.304688e+00	-8.242919e+01	2.286341e-08	-2.265121e-03
1.308594e+00	-8.135715e+01	2.926474e-08	-2.223687e-03
1.312500e+00	-8.076415e+01	3.354630e-08	-2.176192e-03
1.316406e+00	-8.129024e+01	2.971915e-08	-2.134116e-03
1.320312e+00	-8.221744e+01	2.400579e-08	-2.100129e-03
1.324219e+00	-8.335054e+01	1.849294e-08	-2.073947e-03
1.328125e+00	-8.549505e+01	1.128640e-08	-2.057968e-03
1.332031e+00	-8.920823e+01	4.799956e-09	-2.051172e-03
1.335938e+00	-9.594961e+01	1.016480e-09	-2.049733e-03
1.339844e+00	-9.587834e+01	1.033298e-09	-2.048270e-03
1.343750e+00	-8.959907e+01	4.386856e-09	-2.042060e-03
1.347656e+00	-8.572368e+01	1.070759e-08	-2.026900e-03
1.351562e+00	-8.351773e+01	1.779453e-08	-2.001708e-03
1.355469e+00	-8.231370e+01	2.347955e-08	-1.968467e-03
1.359375e+00	-8.172616e+01	2.688089e-08	-1.930411e-03
1.363281e+00	-8.196026e+01	2.547029e-08	-1.894352e-03
1.367188e+00	-8.181438e+01	2.634037e-08	-1.857062e-03
1.371094e+00	-8.278463e+01	2.106674e-08	-1.827238e-03
1.375000e+00	-8.456199e+01	1.399140e-08	-1.807431e-03
1.378906e+00	-8.754432e+01	7.040893e-09	-1.797463e-03
1.382812e+00	-9.312776e+01	1.946633e-09	-1.794707e-03
1.386719e+00	-9.923246e+01	4.773242e-10	-1.794031e-03
1.390625e+00	-9.306117e+01	1.976712e-09	-1.791233e-03
1.394531e+00	-8.805814e+01	6.255275e-09	-1.782378e-03
1.398438e+00	-8.527146e+01	1.188267e-08	-1.765556e-03
1.402344e+00	-8.314283e+01	1.939888e-08	-1.738093e-03
1.406250e+00	-8.228026e+01	2.366106e-08	-1.704598e-03
1.410156e+00	-8.171954e+01	2.692194e-08	-1.666486e-03
1.414062e+00	-8.142202e+01	2.883086e-08	-1.625672e-03
1.417969e+00	-8.224081e+01	2.387694e-08	-1.591871e-03
1.421875e+00	-8.392194e+01	1.621311e-08	-1.568920e-03
1.425781e+00	-8.627012e+01	9.441652e-09	-1.555554e-03
1.429688e+00	-9.013819e+01	3.874722e-09	-1.550069e-03
1.433594e+00	-9.621502e+01	9.562213e-10	-1.548716e-03
1.437500e+00	-9.705039e+01	7.888990e-10	-1.547599e-03
1.441406e+00	-9.072494e+01	3.385054e-09	-1.542807e-03
1.445312e+00	-8.700842e+01	7.965597e-09	-1.531531e-03
1.449219e+00	-8.477832e+01	1.331153e-08	-1.512687e-03
1.453125e+00	-8.336462e+01	1.843307e-08	-1.486594e-03
1.457031e+00	-8.238393e+01	2.310294e-08	-1.453890e-03
1.460938e+00	-8.143191e+01	2.876528e-08	-1.413171e-03
1.464844e+00	-8.181545e+01	2.633390e-08	-1.375894e-03
1.468750e+00	-8.360266e+01	1.744992e-08	-1.351193e-03
1.472656e+00	-8.562139e+01	1.096280e-08	-1.335675e-03
1.476562e+00	-8.837546e+01	5.814521e-09	-1.327444e-03
1.480469e+00	-9.301320e+01	1.998665e-09	-1.324615e-03
1.484375e+00	-9.970543e+01	4.280719e-10	-1.324009e-03
1.488281e+00	-9.414978e+01	1.538443e-09	-1.321832e-03
1.492188e+00	-8.861038e+01	5.508357e-09	-1.314034e-03
1.496094e+00	-8.547882e+01	1.132864e-08	-1.297999e-03
1.500000e+00	-8.302547e+01	1.993026e-08	-1.269787e-03
1.503906e+00	-8.254162e+01	2.227912e-08	-1.238251e-03
1.507812e+00	-8.246444e+01	2.267857e-08	-1.206150e-03
1.511719e+00	-8.281618e+01	2.091421e-08	-1.176546e-03
1.515625e+00	-8.366029e+01	1.721990e-08	-1.152172e-03
1.519531e+00	-8.483865e+01	1.312790e-08	-1.133590e-03
1.523438e+00	-8.666099e+01	8.629010e-09	-1.121376e-03
1.527344e+00	-9.026213e+01	3.765707e-09	-1.116045e-03
1.531250e+00	-9.657060e+01	8.810484e-10	-1.114798e-03
1.535156e+00	-9.873174e+01	5.356555e-10	-1.114040e-03
1.539062e+00	-9.162052e+01	2.754280e-09	-1.110142e-03
1.542969e+00	-8.739933e+01	7.279931e-09	-1.099837e-03
1.546875e+00	-8.532250e+01	1.174383e-08	-1.083214e-03
1.550781e+00	-8.423814e+01	1.507459e-08	-1.061877e-03
1.554688e+00	-8.338865e+01	1.833138e-08	-1.035930e-03
1.558594e+00	-8.307187e+01	1.971848e-08	-1.008020e-03
1.562500e+00	-8.357666e+01	1.755473e-08	-9.831731e-04
1.566406e+00	-8.439807e+01	1.452958e-08	-9.626078e-04
1.570312e+00	-8.590935e+01	1.025946e-08	-9.480865e-04
1.574219e+00	-8.807631e+01	6.229151e-09	-9.392698e-04
1.578125e+00	-9.243543e+01	2.283058e-09	-9.360383e-04
1.582031e+00	-9.971765e+01	4.268696e-10	-9.354342e-04
1.585938e+00	-9.554040e+01	1.116913e-09	-9.338533e-04
1.589844e+00	-9.035056e+01	3.689809e-09	-9.286307e-04
1.593750e+00	-8.734061e+01	7.379022e-09	-9.181865e-04
1.597656e+00	-8.516323e+01	1.218253e-08	-9.009435e-04
1.601562e+00	-8.394834e+01	1.611484e-08	-8.781349e-04
1.605469e+00	-8.368932e+01	1.710520e-08	-8.539246e-04
1.609375e+00	-8.362303e+01	1.736828e-08	-8.293421e-04
1.613281e+00	-8.388680e+01	1.634483e-08	-8.062083e-04
1.617188e+00	-8.485471e+01	1.307943e-08	-7.876963e-04
1.621094e+00	-8.648111e+01	8.993922e-09	-7.749668e-04
1.625000e+00	-9.002620e+01	3.975944e-09	-7.693395e-04
1.628906e+00	-9.568199e+01	1.081087e-09	-7.678094e-04
1.632812e+00	-9.973259e+01	4.254038e-10	-7.672073e-04
1.636719e+00	-9.299233e+01	2.008294e-09	-7.643649e-04
1.640625e+00	-8.866460e+01	5.440018e-09	-7.566654e-04
1.644531e+00	-8.615705e+01	9.690693e-09	-7.429498e-04
1.648438e+00	-8.443219e+01	1.441587e-08	-7.225466e-04
1.652344e+00	-8.379644e+01	1.668844e-08	-6.989270e-04
1.656250e+00	-8.374992e+01	1.686817e-08	-6.750532e-04
1.660156e+00	-8.410485e+01	1.554444e-08	-6.530531e-04
1.664062e+00	-8.436269e+01	1.464842e-08	-6.323211e-04
1.667969e+00	-8.541183e+01	1.150474e-08	-6.160385e-04
1.671875e+00	-8.768219e+01	6.820894e-09	-6.063850e-04
1.675781e+00	-9.232522e+01	2.341738e-09	-6.030707e-04
1.679688e+00	-9.962917e+01	4.356553e-10	-6.024542e-04
1.683594e+00	-9.732913e+01	7.398548e-10	-6.014070e-04
1.687500e+00	-9.136246e+01	2.922898e-09	-5.972703e-04
1.691406e+00	-8.800814e+01	6.327695e-09	-5.883148e-04
1.695312e+00	-8.563997e+01	1.091598e-08	-5.728656e-04
1.699219e+00	-8.424339e+01	1.505640e-08	-5.515567e-04
1.703125e+00	-8.388260e+01	1.636064e-08	-5.284020e-04
1.707031e+00	-8.384147e+01	1.651631e-08	-5.050271e-04
1.710938e+00	-8.454095e+01	1.405934e-08	-4.851296e-04
1.714844e+00	-8.556050e+01	1.111757e-08	-4.693955e-04
1.718750e+00	-8.760685e+01	6.940240e-09	-4.595734e-04
1.722656e+00	-9.076829e+01	3.351437e-09	-4.548303e-04
1.726562e+00	-9.595296e+01	1.015697e-09	-4.533928e-04
1.730469e+00	-1.010536e+02	3.138362e-10	-4.529487e-04
1.734375e+00	-9.431870e+01	1.479756e-09	-4.508544e-04
1.738281e+00	-8.967587e+01	4.309962e-09	-4.447548e-04
1.742188e+00	-8.696135e+01	8.052387e-09	-4.333588e-04
1.746094e+00	-8.520189e+01	1.207455e-08	-4.162705e-04
1.750000e+00	-8.420468e+01	1.519118e-08	-3.947716e-04
1.753906e+00	-8.383819e+01	1.652881e-08	-3.713798e-04
1.757812e+00	-8.432205e+01	1.478616e-08	-3.504542e-04
1.761719e+00	-8.511790e+01	1.231033e-08	-3.330326e-04
1.765625e+00	-8.638723e+01	9.190446e-09	-3.200263e-04
1.769531e+00	-8.866108e+01	5.444419e-09	-3.123214e-04
1.773438e+00	-9.202850e+01	2.507320e-09	-3.087731e-04
1.777344e+00	-9.879681e+01	5.276906e-10	-3.080263e-04
1.781250e+00	-9.918415e+01	4.826642e-10	-3.073432e-04
1.785156e+00	-9.278138e+01	2.108249e-09	-3.043596e-04
1.789062e+00	-8.925693e+01	4.746428e-09	-2.976425e-04
1.792969e+00	-8.683966e+01	8.281209e-09	-2.859231e-04
1.796875e+00	-8.561684e+01	1.097428e-08	-2.703925e-04
1.800781e+00	-8.526963e+01	1.188766e-08	-2.535693e-04
1.804688e+00	-8.538628e+01	1.157262e-08	-2.371921e-04
1.808594e+00	-8.576634e+01	1.060294e-08	-2.221871e-04
1.812500e+00	-8.689231e+01	8.181419e-09	-2.106091e-04
1.816406e+00	-8.865608e+01	5.450696e-09	-2.028955e-04
1.820312e+00	-9.145060e+01	2.864180e-09	-1.988422e-04
1.824219e+00	-9.625778e+01	9.468507e-10	-1.975023e-04
1.828125e+00	-1.020283e+02	2.507426e-10	-1.971474e-04
1.832031e+00	-9.624083e+01	9.505534e-10	-1.958023e-04
1.835938e+00	-9.134714e+01	2.933232e-09	-1.916513e-04
1.839844e+00	-8.835108e+01	5.847258e-09	-1.833765e-04
1.843750e+00	-8.688991e+01	8.185949e-09	-1.717922e-04
1.847656e+00	-8.616593e+01	9.670912e-09	-1.581064e-04
1.851562e+00	-8.588486e+01	1.031750e-08	-1.435057e-04
1.855469e+00	-8.621764e+01	9.556442e-09	-1.299820e-04
1.859375e+00	-8.725505e+01	7.525844e-09	-1.193320e-04
1.863281e+00	-8.873140e+01	5.356985e-09	-1.117511e-04
1.867188e+00	-9.084357e+01	3.293842e-09	-1.070899e-04
1.871094e+00	-9.441581e+01	1.447035e-09	-1.050422e-04
1.875000e+00	-1.003203e+02	3.715631e-10	-1.045164e-04
1.878906e+00	-1.018517e+02	2.611520e-10	-1.041468e-04
1.882812e+00	-9.546757e+01	1.135803e-09	-1.025395e-04
1.886719e+00	-9.212359e+01	2.453017e-09	-9.906820e-05
1.890625e+00	-9.001131e+01	3.989599e-09	-9.342242e-05
1.894531e+00	-8.821131e+01	6.038498e-09	-8.487722e-05
1.898438e+00	-8.775422e+01	6.708701e-09	-7.538361e-05
1.902344e+00	-8.794216e+01	6.424567e-09	-6.629211e-05
1.906250e+00	-8.818259e+01	6.078560e-09	-5.769027e-05
1.910156e+00	-8.940794e+01	4.584229e-09	-5.120308e-05
1.914062e+00	-9.089969e+01	3.251557e-09	-4.660177e-05
1.917969e+00	-9.366074e+01	1.721813e-09	-4.416522e-05
1.921875e+00	-9.852297e+01	5.620349e-10	-4.336989e-05
1.925781e+00	-1.049703e+02	1.273593e-10	-4.318966e-05
1.929688e+00	-1.010785e+02	3.120371e-10	-4.274809e-05
1.933594e+00	-9.601291e+01	1.001772e-09	-4.133048e-05
1.937500e+00	-9.323782e+01	1.897919e-09	-3.864473e-05
1.941406e+00	-9.135764e+01	2.926144e-09	-3.450393e-05
1.945312e+00	-9.060829e+01	3.477213e-09	-2.958332e-05
1.949219e+00	-9.015896e+01	3.856239e-09	-2.412635e-05
1.953125e+00	-9.016398e+01	3.851783e-09	-1.867570e-05
1.957031e+00	-9.108513e+01	3.115637e-09	-1.426677e-05
1.960938e+00	-9.247738e+01	2.261111e-09	-1.106708e-05
1.964844e+00	-9.491124e+01	1.291030e-09	-9.240147e-06
1.968750e+00	-9.839142e+01	5.793187e-10	-8.420356e-06
1.972656e+00	-1.036518e+02	1.725366e-10	-8.176200e-06
1.976562e+00	-1.070368e+02	7.913730e-11	-8.064214e-06
1.980469e+00	-1.015943e+02	2.770933e-10	-7.672100e-06
1.984375e+00	-9.779593e+01	6.644572e-10	-6.731831e-06
1.988281e+00	-9.536233e+01	1.163663e-09	-5.085138e-06
1.992188e+00	-9.383246e+01	1.655059e-09	-2.743075e-06
1.996094e+00	-9.314607e+01	1.938442e-09	-4.339474e-15

  
